File info:
Boardsize: 7 x 6
Particles: 30
Iterations: 35
Games Played Per Iteration: 900
Games Played: 31500
Games Played Per Minute: 106448,035093743
MAX_SCORE: 2475
Cores: 14
Start Time: 19.09.2023 15:34:07
End Time: 19.09.2023 15:34:24
Total Time: 00:00:17.7551422
Boardsize: 7 x 6
Engine Depth: 2

Win Values:
VALUE_WIN_YELLOW: 2,5
VALUE_DRAW_YELLOW: 0,5
VALUE_LOSS_YELLOW: -3
VALUE_WIN_RED: 3
VALUE_DRAW_RED: 0,6
VALUE_LOSS_RED: -1,8


Best Global Particle:

Best Global Particle Score Internally: 354,575
{
	NAME = "Particle-GLOBAL-BEST",

	WEIGHT_SCORE_OWN = 0.511039765608185,
	WEIGHT_SCORE_OPPONENT = 2.60632516337068,
	WEIGHT_HAMMINGDISTANCE_OWN = 0.834115504820697,
	WEIGHT_HAMMINGDISTANCE_OPPONENT = -1.92904850888513,

	WEIGHT_FORK_HAMMINGDISTANCE_S = -4.29323349241865,
	WEIGHT_FORK_HAMMINGDISTANCE_L = 2.90255448394607,

	WEIGHT_WALL_DISTANCE = -1.76037609192847,
	WEIGHT_NEIGHBORS = -2.73808927603966,
	WEIGHT_NEIGHBOR_FREE = 0.323966571106258,
	WEIGHT_NEIGHBOR_OWNED = -3.45342985277797,
	WEIGHT_NEIGHBOR_TAKEN = -3.7603187515825
};
