File info:
Boardsize: 7 x 6
Particles: 30
Iterations: 38
Games Played Per Iteration: 900
Games Played: 34200
Games Played Per Minute: 34566,4888940668
MAX_SCORE: 2475
Cores: 14
Start Time: 19.09.2023 16:04:18
End Time: 19.09.2023 16:05:18
Total Time: 00:00:59.3638540
Boardsize: 7 x 6
Engine Depth: 2

Win Values:
VALUE_WIN_YELLOW: 2,5
VALUE_DRAW_YELLOW: 0,5
VALUE_LOSS_YELLOW: -3
VALUE_WIN_RED: 3
VALUE_DRAW_RED: 0,6
VALUE_LOSS_RED: -1,8


Best Global Particle:

Best Global Particle Score Internally: 450,125
{
	NAME = "Particle-GLOBAL-BEST",

	WEIGHT_SCORE_OWN = 2.85693078792825,
	WEIGHT_SCORE_OPPONENT = -1.23335204913154,
	WEIGHT_HAMMINGDISTANCE_OWN = -1.25598451358327,
	WEIGHT_HAMMINGDISTANCE_OPPONENT = 2.53351633396647,

	WEIGHT_FORK_HAMMINGDISTANCE_S = -0.204540632004584,
	WEIGHT_FORK_HAMMINGDISTANCE_L = -0.366663693105642,

	WEIGHT_WALL_DISTANCE = -0.610582231524973,
	WEIGHT_NEIGHBORS = 3.34308930796546,
	WEIGHT_NEIGHBOR_FREE = -2.28093795767009,
	WEIGHT_NEIGHBOR_OWNED = -1.97589625970137,
	WEIGHT_NEIGHBOR_TAKEN = 2.39388135502214
};
