File info:
Boardsize: 7 x 6
Particles: 30
Iterations: 25
Games Played Per Iteration: 900
Games Played: 22500
Games Played Per Minute: 32815,5981570838
MAX_SCORE: 2475
Cores: 14
Start Time: 19.09.2023 16:04:18
End Time: 19.09.2023 16:04:59
Total Time: 00:00:41.1389728
Boardsize: 7 x 6
Engine Depth: 2

Win Values:
VALUE_WIN_YELLOW: 2,5
VALUE_DRAW_YELLOW: 0,5
VALUE_LOSS_YELLOW: -3
VALUE_WIN_RED: 3
VALUE_DRAW_RED: 0,6
VALUE_LOSS_RED: -1,8


Best Global Particle:

Best Global Particle Score Internally: 450,125
{
	NAME = "Particle-GLOBAL-BEST",

	WEIGHT_SCORE_OWN = 3.1599479255717,
	WEIGHT_SCORE_OPPONENT = -1.41024050918781,
	WEIGHT_HAMMINGDISTANCE_OWN = -1.56145421716748,
	WEIGHT_HAMMINGDISTANCE_OPPONENT = 2.52614624478205,

	WEIGHT_FORK_HAMMINGDISTANCE_S = -0.204257596249504,
	WEIGHT_FORK_HAMMINGDISTANCE_L = -0.364209470658594,

	WEIGHT_WALL_DISTANCE = -0.583792391902367,
	WEIGHT_NEIGHBORS = 4.6861183766158,
	WEIGHT_NEIGHBOR_FREE = -2.26399233595624,
	WEIGHT_NEIGHBOR_OWNED = -2.38014309605624,
	WEIGHT_NEIGHBOR_TAKEN = 2.91316784011606
};
