File info:
Boardsize: 7 x 6
Particles: 30
Iterations: 23
Games Played Per Iteration: 900
Games Played: 20700
Games Played Per Minute: 32280,0856850703
MAX_SCORE: 2475
Cores: 14
Start Time: 19.09.2023 16:04:18
End Time: 19.09.2023 16:04:57
Total Time: 00:00:38.4757343
Boardsize: 7 x 6
Engine Depth: 2

Win Values:
VALUE_WIN_YELLOW: 2,5
VALUE_DRAW_YELLOW: 0,5
VALUE_LOSS_YELLOW: -3
VALUE_WIN_RED: 3
VALUE_DRAW_RED: 0,6
VALUE_LOSS_RED: -1,8


Best Global Particle:

Best Global Particle Score Internally: 450,125
{
	NAME = "Particle-GLOBAL-BEST",

	WEIGHT_SCORE_OWN = 3.26518120388694,
	WEIGHT_SCORE_OPPONENT = -1.47146063278853,
	WEIGHT_HAMMINGDISTANCE_OWN = -1.67004401232189,
	WEIGHT_HAMMINGDISTANCE_OPPONENT = 2.52216590493925,

	WEIGHT_FORK_HAMMINGDISTANCE_S = -0.204104738059504,
	WEIGHT_FORK_HAMMINGDISTANCE_L = -0.362884026807832,

	WEIGHT_WALL_DISTANCE = -0.569324091266695,
	WEIGHT_NEIGHBORS = 5.16897830546685,
	WEIGHT_NEIGHBOR_FREE = -2.25484056973187,
	WEIGHT_NEIGHBOR_OWNED = -2.52062722992985,
	WEIGHT_NEIGHBOR_TAKEN = 3.10006282035915
};
