File info:
Boardsize: 7 x 6
Particles: 30
Iterations: 8
Games Played Per Iteration: 900
Games Played: 7200
Games Played Per Minute: 15778,696361696
MAX_SCORE: 2475
Cores: 14
Start Time: 19.09.2023 15:32:16
End Time: 19.09.2023 15:32:44
Total Time: 00:00:27.3786877
Boardsize: 7 x 6
Engine Depth: 2

Win Values:
VALUE_WIN_YELLOW: 2,5
VALUE_DRAW_YELLOW: 0,5
VALUE_LOSS_YELLOW: -3
VALUE_WIN_RED: 3
VALUE_DRAW_RED: 0,6
VALUE_LOSS_RED: -1,8


Best Global Particle:

Best Global Particle Score Internally: 1005,875
{
	NAME = "Particle-GLOBAL-BEST",

	WEIGHT_SCORE_OWN = 9.78138208050562,
	WEIGHT_SCORE_OPPONENT = 1.64762351772334,
	WEIGHT_HAMMINGDISTANCE_OWN = 10.3138491418742,
	WEIGHT_HAMMINGDISTANCE_OPPONENT = -4.96137742109847,

	WEIGHT_FORK_HAMMINGDISTANCE_S = -6.02144606649641,
	WEIGHT_FORK_HAMMINGDISTANCE_L = 6.14220928983076,

	WEIGHT_WALL_DISTANCE = -0.401841387839022,
	WEIGHT_NEIGHBORS = -7.75129964546062,
	WEIGHT_NEIGHBOR_FREE = 1.53853886479217,
	WEIGHT_NEIGHBOR_OWNED = -10.1307732085272,
	WEIGHT_NEIGHBOR_TAKEN = -5.95923171967098
};
