File info:
Boardsize: 7 x 6
Particles: 30
Iterations: 42
Games Played Per Iteration: 900
Games Played: 37800
Games Played Per Minute: 99,2624008662981
MAX_SCORE: 2475
Cores: 14
Start Time: 17.09.2023 23:14:59
End Time: 18.09.2023 05:35:48
Total Time: 06:20:48.5305635
Boardsize: 7 x 6
Engine Depth: 6

Win Values:
VALUE_WIN_YELLOW: 2,5
VALUE_DRAW_YELLOW: 0,5
VALUE_LOSS_YELLOW: -3
VALUE_WIN_RED: 3
VALUE_DRAW_RED: 0,6
VALUE_LOSS_RED: -1,8


Best Global Particle:

Best Global Particle Score Internally: 49,6570769230769
{
	NAME = "Particle-GLOBAL-BEST",

	WEIGHT_SCORE_OWN = 2.22081147755417,
	WEIGHT_SCORE_OPPONENT = 0.150026262634205,
	WEIGHT_HAMMINGDISTANCE_OWN = 0.18895918340657,
	WEIGHT_HAMMINGDISTANCE_OPPONENT = 1.2619970372991,

	WEIGHT_FORK_HAMMINGDISTANCE_S = 0.101908811074095,
	WEIGHT_FORK_HAMMINGDISTANCE_L = -0.266986473357989,

	WEIGHT_WALL_DISTANCE = 1.20020911356809,
	WEIGHT_NEIGHBORS = 0.475779014825364,
	WEIGHT_NEIGHBOR_FREE = 1.70749226087005,
	WEIGHT_NEIGHBOR_OWNED = 2.32211564622065,
	WEIGHT_NEIGHBOR_TAKEN = 0.306813071842967
};
