File info:
Boardsize: 7 x 6
Particles: 30
Iterations: 13
Games Played Per Iteration: 900
Games Played: 11700
Games Played Per Minute: 69,2923447303419
MAX_SCORE: 2475
Cores: 14
Start Time: 18.09.2023 14:00:02
End Time: 18.09.2023 16:48:53
Total Time: 02:48:50.9892562
Boardsize: 7 x 6
Engine Depth: 6

Win Values:
VALUE_WIN_YELLOW: 2,5
VALUE_DRAW_YELLOW: 0,5
VALUE_LOSS_YELLOW: -3
VALUE_WIN_RED: 3
VALUE_DRAW_RED: 0,6
VALUE_LOSS_RED: -1,8


Best Global Particle:

Best Global Particle Score Internally: 49,4946153846154
{
	NAME = "Particle-GLOBAL-BEST",

	WEIGHT_SCORE_OWN = 0.118733851450602,
	WEIGHT_SCORE_OPPONENT = -0.929256584668682,
	WEIGHT_HAMMINGDISTANCE_OWN = 4.28380989089985,
	WEIGHT_HAMMINGDISTANCE_OPPONENT = -1.83993548373607,

	WEIGHT_FORK_HAMMINGDISTANCE_S = 0.102373978521827,
	WEIGHT_FORK_HAMMINGDISTANCE_L = -3.6132537885389,

	WEIGHT_WALL_DISTANCE = -1.0568674157514,
	WEIGHT_NEIGHBORS = -0.560690528772535,
	WEIGHT_NEIGHBOR_FREE = -0.650984664914637,
	WEIGHT_NEIGHBOR_OWNED = -0.897513565367029,
	WEIGHT_NEIGHBOR_TAKEN = -1.94971525292388
};
