File info:
Boardsize: 7 x 6
Particles: 30
Iterations: 13
Games Played Per Iteration: 900
Games Played: 11700
Games Played Per Minute: 19202,0745330492
MAX_SCORE: 2475
Cores: 14
Start Time: 19.09.2023 16:11:15
End Time: 19.09.2023 16:11:51
Total Time: 00:00:36.5585499
Boardsize: 7 x 6
Engine Depth: 2

Win Values:
VALUE_WIN_YELLOW: 2,5
VALUE_DRAW_YELLOW: 0,5
VALUE_LOSS_YELLOW: -3
VALUE_WIN_RED: 3
VALUE_DRAW_RED: 0,6
VALUE_LOSS_RED: -1,8


Best Global Particle:

Best Global Particle Score Internally: 463,45
{
	NAME = "Particle-GLOBAL-BEST",

	WEIGHT_SCORE_OWN = -3.58505911542126,
	WEIGHT_SCORE_OPPONENT = 3.30202335384389,
	WEIGHT_HAMMINGDISTANCE_OWN = 5.48966395356671,
	WEIGHT_HAMMINGDISTANCE_OPPONENT = 4.74825051060938,

	WEIGHT_FORK_HAMMINGDISTANCE_S = -1.69137494881524,
	WEIGHT_FORK_HAMMINGDISTANCE_L = -0.319209176606743,

	WEIGHT_WALL_DISTANCE = 5.84312332441893,
	WEIGHT_NEIGHBORS = 7.46919241231346,
	WEIGHT_NEIGHBOR_FREE = -5.83168481045558,
	WEIGHT_NEIGHBOR_OWNED = 6.73707411601363,
	WEIGHT_NEIGHBOR_TAKEN = -2.04727228651677
};
