File info:
Boardsize: 7 x 6
Particles: 30
Iterations: 1
Games Played Per Iteration: 900
Games Played: 900
Games Played Per Minute: 112,683739123591
MAX_SCORE: 2475
Cores: 16
Start Time: 19.09.2023 16:32:46
End Time: 19.09.2023 16:40:45
Total Time: 00:07:59.2173247
Boardsize: 7 x 6
Engine Depth: 6

Win Values:
VALUE_WIN_YELLOW: 2,5
VALUE_DRAW_YELLOW: 0,5
VALUE_LOSS_YELLOW: -3
VALUE_WIN_RED: 3
VALUE_DRAW_RED: 0,6
VALUE_LOSS_RED: -1,8


Best Global Particle:

Best Global Particle Score Internally: 390
{
	NAME = "Particle-GLOBAL-BEST",

	WEIGHT_SCORE_OWN = 0.906151917067427,
	WEIGHT_SCORE_OPPONENT = 0.958663212395582,
	WEIGHT_HAMMINGDISTANCE_OWN = -1.1959838073682,
	WEIGHT_HAMMINGDISTANCE_OPPONENT = 2.43321151194778,

	WEIGHT_FORK_HAMMINGDISTANCE_S = -0.0170220175837268,
	WEIGHT_FORK_HAMMINGDISTANCE_L = -0.363660821860498,

	WEIGHT_WALL_DISTANCE = 0.592804302458094,
	WEIGHT_NEIGHBORS = -1.400094826147,
	WEIGHT_NEIGHBOR_FREE = 2.10323755722644,
	WEIGHT_NEIGHBOR_OWNED = -1.35285031043591,
	WEIGHT_NEIGHBOR_TAKEN = -0.0763780812157218
};
