File info:
Boardsize: 7 x 6
Particles: 30
Iterations: 10
Games Played Per Iteration: 900
Games Played: 9000
Games Played Per Minute: 20078,6304452437
MAX_SCORE: 2475
Cores: 14
Start Time: 19.09.2023 16:11:15
End Time: 19.09.2023 16:11:42
Total Time: 00:00:26.8942646
Boardsize: 7 x 6
Engine Depth: 2

Win Values:
VALUE_WIN_YELLOW: 2,5
VALUE_DRAW_YELLOW: 0,5
VALUE_LOSS_YELLOW: -3
VALUE_WIN_RED: 3
VALUE_DRAW_RED: 0,6
VALUE_LOSS_RED: -1,8


Best Global Particle:

Best Global Particle Score Internally: 463,45
{
	NAME = "Particle-GLOBAL-BEST",

	WEIGHT_SCORE_OWN = -4.25739645711536,
	WEIGHT_SCORE_OPPONENT = 3.25723959323877,
	WEIGHT_HAMMINGDISTANCE_OWN = 6.22467283152813,
	WEIGHT_HAMMINGDISTANCE_OPPONENT = 4.8812248273782,

	WEIGHT_FORK_HAMMINGDISTANCE_S = -1.74645283870511,
	WEIGHT_FORK_HAMMINGDISTANCE_L = -0.299278772168158,

	WEIGHT_WALL_DISTANCE = 6.51076473474514,
	WEIGHT_NEIGHBORS = 8.5747735429793,
	WEIGHT_NEIGHBOR_FREE = -6.56263233016556,
	WEIGHT_NEIGHBOR_OWNED = 7.1098598734807,
	WEIGHT_NEIGHBOR_TAKEN = -2.25596577409797
};
