File info:
Boardsize: 7 x 6
Particles: 30
Iterations: 43
Games Played Per Iteration: 900
Games Played: 38700
Games Played Per Minute: 99,6451832354205
MAX_SCORE: 2475
Cores: 14
Start Time: 17.09.2023 23:14:59
End Time: 18.09.2023 05:43:22
Total Time: 06:28:22.6818217
Boardsize: 7 x 6
Engine Depth: 6

Win Values:
VALUE_WIN_YELLOW: 2,5
VALUE_DRAW_YELLOW: 0,5
VALUE_LOSS_YELLOW: -3
VALUE_WIN_RED: 3
VALUE_DRAW_RED: 0,6
VALUE_LOSS_RED: -1,8


Best Global Particle:

Best Global Particle Score Internally: 49,6570769230769
{
	NAME = "Particle-GLOBAL-BEST",

	WEIGHT_SCORE_OWN = 2.21768994021453,
	WEIGHT_SCORE_OPPONENT = 0.157501929907547,
	WEIGHT_HAMMINGDISTANCE_OWN = 0.190629148002394,
	WEIGHT_HAMMINGDISTANCE_OPPONENT = 1.25272995618034,

	WEIGHT_FORK_HAMMINGDISTANCE_S = 0.101918615230288,
	WEIGHT_FORK_HAMMINGDISTANCE_L = -0.256964498752326,

	WEIGHT_WALL_DISTANCE = 1.20017704911336,
	WEIGHT_NEIGHBORS = 0.479406532589376,
	WEIGHT_NEIGHBOR_FREE = 1.70637340797117,
	WEIGHT_NEIGHBOR_OWNED = 2.31880451020877,
	WEIGHT_NEIGHBOR_TAKEN = 0.305793257468329
};
