File info:
Boardsize: 7 x 6
Particles: 30
Iterations: 11
Games Played Per Iteration: 900
Games Played: 9900
Games Played Per Minute: 141,644435062083
MAX_SCORE: 2475
Cores: 16
Start Time: 19.09.2023 16:55:59
End Time: 19.09.2023 18:05:53
Total Time: 01:09:53.5992737
Boardsize: 7 x 6
Engine Depth: 6

Win Values:
VALUE_WIN_YELLOW: 2,5
VALUE_DRAW_YELLOW: 0,5
VALUE_LOSS_YELLOW: -3
VALUE_WIN_RED: 3
VALUE_DRAW_RED: 0,6
VALUE_LOSS_RED: -1,8


Best Global Particle:

Best Global Particle Score Internally: 418,925
{
	NAME = "Particle-GLOBAL-BEST",

	WEIGHT_SCORE_OWN = 1.00006751819547,
	WEIGHT_SCORE_OPPONENT = -0.986668067057341,
	WEIGHT_HAMMINGDISTANCE_OWN = -2.23471392788517,
	WEIGHT_HAMMINGDISTANCE_OPPONENT = 2.08125164917538,

	WEIGHT_FORK_HAMMINGDISTANCE_S = -0.139495474317018,
	WEIGHT_FORK_HAMMINGDISTANCE_L = -0.622232530642124,

	WEIGHT_WALL_DISTANCE = 1.65185792494858,
	WEIGHT_NEIGHBORS = -0.960948388602537,
	WEIGHT_NEIGHBOR_FREE = -5.41377336923225,
	WEIGHT_NEIGHBOR_OWNED = -4.61224693415395,
	WEIGHT_NEIGHBOR_TAKEN = -0.546970787075934
};
