File info:
Boardsize: 7 x 6
Particles: 30
Iterations: 39
Games Played Per Iteration: 900
Games Played: 35100
Games Played Per Minute: 67679,2637143978
MAX_SCORE: 2475
Cores: 14
Start Time: 19.09.2023 15:34:07
End Time: 19.09.2023 15:34:38
Total Time: 00:00:31.1173598
Boardsize: 7 x 6
Engine Depth: 2

Win Values:
VALUE_WIN_YELLOW: 2,5
VALUE_DRAW_YELLOW: 0,5
VALUE_LOSS_YELLOW: -3
VALUE_WIN_RED: 3
VALUE_DRAW_RED: 0,6
VALUE_LOSS_RED: -1,8


Best Global Particle:

Best Global Particle Score Internally: 361,075
{
	NAME = "Particle-GLOBAL-BEST",

	WEIGHT_SCORE_OWN = -3.03040543142058,
	WEIGHT_SCORE_OPPONENT = 2.44618627922211,
	WEIGHT_HAMMINGDISTANCE_OWN = 0.463957357008161,
	WEIGHT_HAMMINGDISTANCE_OPPONENT = -2.93892167560475,

	WEIGHT_FORK_HAMMINGDISTANCE_S = -2.82346816640353,
	WEIGHT_FORK_HAMMINGDISTANCE_L = 2.36196573450849,

	WEIGHT_WALL_DISTANCE = -3.75235236906691,
	WEIGHT_NEIGHBORS = -1.982232943313,
	WEIGHT_NEIGHBOR_FREE = 4.15220634918573,
	WEIGHT_NEIGHBOR_OWNED = -2.91008241079558,
	WEIGHT_NEIGHBOR_TAKEN = -4.65922377397259
};
