File info:
Boardsize: 7 x 6
Particles: 30
Iterations: 67
Games Played Per Iteration: 900
Games Played: 60300
Games Played Per Minute: 49549,208206118
MAX_SCORE: 2475
Cores: 14
Start Time: 19.09.2023 15:34:07
End Time: 19.09.2023 15:35:20
Total Time: 00:01:13.0183212
Boardsize: 7 x 6
Engine Depth: 2

Win Values:
VALUE_WIN_YELLOW: 2,5
VALUE_DRAW_YELLOW: 0,5
VALUE_LOSS_YELLOW: -3
VALUE_WIN_RED: 3
VALUE_DRAW_RED: 0,6
VALUE_LOSS_RED: -1,8


Best Global Particle:

Best Global Particle Score Internally: 432,25
{
	NAME = "Particle-GLOBAL-BEST",

	WEIGHT_SCORE_OWN = 2.93092045967566,
	WEIGHT_SCORE_OPPONENT = 1.6518865808016,
	WEIGHT_HAMMINGDISTANCE_OWN = -1.29483885928883,
	WEIGHT_HAMMINGDISTANCE_OPPONENT = -2.25384026500593,

	WEIGHT_FORK_HAMMINGDISTANCE_S = -1.22540951134411,
	WEIGHT_FORK_HAMMINGDISTANCE_L = 0.565097438120876,

	WEIGHT_WALL_DISTANCE = -1.90826511537025,
	WEIGHT_NEIGHBORS = -2.00773371906704,
	WEIGHT_NEIGHBOR_FREE = -2.42642068629402,
	WEIGHT_NEIGHBOR_OWNED = -1.90232461327613,
	WEIGHT_NEIGHBOR_TAKEN = -0.249652674788638
};
