File info:
Boardsize: 7 x 6
Particles: 30
Iterations: 17
Games Played Per Iteration: 900
Games Played: 15300
Games Played Per Minute: 80,8576568818707
MAX_SCORE: 2475
Cores: 14
Start Time: 17.09.2023 23:14:59
End Time: 18.09.2023 02:24:12
Total Time: 03:09:13.2847154
Boardsize: 7 x 6
Engine Depth: 6

Win Values:
VALUE_WIN_YELLOW: 2,5
VALUE_DRAW_YELLOW: 0,5
VALUE_LOSS_YELLOW: -3
VALUE_WIN_RED: 3
VALUE_DRAW_RED: 0,6
VALUE_LOSS_RED: -1,8


Best Global Particle:

Best Global Particle Score Internally: 49,5512307692308
{
	NAME = "Particle-GLOBAL-BEST",

	WEIGHT_SCORE_OWN = 3.65849093115584,
	WEIGHT_SCORE_OPPONENT = 0.136183016630484,
	WEIGHT_HAMMINGDISTANCE_OWN = -2.06391011354939,
	WEIGHT_HAMMINGDISTANCE_OPPONENT = 1.54473695776068,

	WEIGHT_FORK_HAMMINGDISTANCE_S = -0.347471641818041,
	WEIGHT_FORK_HAMMINGDISTANCE_L = -1.03692988850943,

	WEIGHT_WALL_DISTANCE = 1.34330970715664,
	WEIGHT_NEIGHBORS = -0.204109398585559,
	WEIGHT_NEIGHBOR_FREE = 1.50840637370429,
	WEIGHT_NEIGHBOR_OWNED = 2.88398424807832,
	WEIGHT_NEIGHBOR_TAKEN = 0.486679612149358
};
