File info:
Boardsize: 7 x 6
Particles: 30
Iterations: 47
Games Played Per Iteration: 900
Games Played: 42300
Games Played Per Minute: 100,820893412915
MAX_SCORE: 2475
Cores: 14
Start Time: 17.09.2023 23:14:59
End Time: 18.09.2023 06:14:32
Total Time: 06:59:33.3535985
Boardsize: 7 x 6
Engine Depth: 6

Win Values:
VALUE_WIN_YELLOW: 2,5
VALUE_DRAW_YELLOW: 0,5
VALUE_LOSS_YELLOW: -3
VALUE_WIN_RED: 3
VALUE_DRAW_RED: 0,6
VALUE_LOSS_RED: -1,8


Best Global Particle:

Best Global Particle Score Internally: 49,6570769230769
{
	NAME = "Particle-GLOBAL-BEST",

	WEIGHT_SCORE_OWN = 2.20923442532428,
	WEIGHT_SCORE_OPPONENT = 0.177797376066919,
	WEIGHT_HAMMINGDISTANCE_OWN = 0.195120822549748,
	WEIGHT_HAMMINGDISTANCE_OPPONENT = 1.22755461240138,

	WEIGHT_FORK_HAMMINGDISTANCE_S = 0.101931227196421,
	WEIGHT_FORK_HAMMINGDISTANCE_L = -0.229759236092351,

	WEIGHT_WALL_DISTANCE = 1.2000917926649,
	WEIGHT_NEIGHBORS = 0.489245011052234,
	WEIGHT_NEIGHBOR_FREE = 1.70333144927209,
	WEIGHT_NEIGHBOR_OWNED = 2.30982166525978,
	WEIGHT_NEIGHBOR_TAKEN = 0.303026049602908
};
