File info:
Boardsize: 7 x 6
Particles: 30
Iterations: 12
Games Played Per Iteration: 900
Games Played: 10800
Games Played Per Minute: 19388,1602280048
MAX_SCORE: 2475
Cores: 14
Start Time: 19.09.2023 16:11:15
End Time: 19.09.2023 16:11:48
Total Time: 00:00:33.4224595
Boardsize: 7 x 6
Engine Depth: 2

Win Values:
VALUE_WIN_YELLOW: 2,5
VALUE_DRAW_YELLOW: 0,5
VALUE_LOSS_YELLOW: -3
VALUE_WIN_RED: 3
VALUE_DRAW_RED: 0,6
VALUE_LOSS_RED: -1,8


Best Global Particle:

Best Global Particle Score Internally: 463,45
{
	NAME = "Particle-GLOBAL-BEST",

	WEIGHT_SCORE_OWN = -3.81406350121337,
	WEIGHT_SCORE_OPPONENT = 3.30696023254985,
	WEIGHT_HAMMINGDISTANCE_OWN = 5.74252865149781,
	WEIGHT_HAMMINGDISTANCE_OPPONENT = 4.83865199334645,

	WEIGHT_FORK_HAMMINGDISTANCE_S = -1.71917771960416,
	WEIGHT_FORK_HAMMINGDISTANCE_L = -0.313832349474459,

	WEIGHT_WALL_DISTANCE = 6.07892119929318,
	WEIGHT_NEIGHBORS = 7.85942711826794,
	WEIGHT_NEIGHBOR_FREE = -6.10933064828444,
	WEIGHT_NEIGHBOR_OWNED = 6.92865241599433,
	WEIGHT_NEIGHBOR_TAKEN = -2.1035736430605
};
