File info:
Boardsize: 7 x 6
Particles: 30
Iterations: 17
Games Played Per Iteration: 900
Games Played: 15300
Games Played Per Minute: 16799,6498645524
MAX_SCORE: 2475
Cores: 14
Start Time: 19.09.2023 15:32:16
End Time: 19.09.2023 15:33:11
Total Time: 00:00:54.6439960
Boardsize: 7 x 6
Engine Depth: 2

Win Values:
VALUE_WIN_YELLOW: 2,5
VALUE_DRAW_YELLOW: 0,5
VALUE_LOSS_YELLOW: -3
VALUE_WIN_RED: 3
VALUE_DRAW_RED: 0,6
VALUE_LOSS_RED: -1,8


Best Global Particle:

Best Global Particle Score Internally: 1005,875
{
	NAME = "Particle-GLOBAL-BEST",

	WEIGHT_SCORE_OWN = 6.88082682470825,
	WEIGHT_SCORE_OPPONENT = 3.87277963061381,
	WEIGHT_HAMMINGDISTANCE_OWN = 8.39887608598933,
	WEIGHT_HAMMINGDISTANCE_OPPONENT = -3.74929575084777,

	WEIGHT_FORK_HAMMINGDISTANCE_S = -6.60302925375837,
	WEIGHT_FORK_HAMMINGDISTANCE_L = 4.51066765408231,

	WEIGHT_WALL_DISTANCE = -5.63092957392452,
	WEIGHT_NEIGHBORS = -5.79132334239655,
	WEIGHT_NEIGHBOR_FREE = -2.04862256442593,
	WEIGHT_NEIGHBOR_OWNED = -7.80798018333664,
	WEIGHT_NEIGHBOR_TAKEN = -4.4937956279158
};
