File info:
Boardsize: 7 x 6
Particles: 30
Iterations: 10
Games Played Per Iteration: 900
Games Played: 9000
Games Played Per Minute: 25767,057629914
MAX_SCORE: 2475
Cores: 14
Start Time: 19.09.2023 16:04:18
End Time: 19.09.2023 16:04:39
Total Time: 00:00:20.9569912
Boardsize: 7 x 6
Engine Depth: 2

Win Values:
VALUE_WIN_YELLOW: 2,5
VALUE_DRAW_YELLOW: 0,5
VALUE_LOSS_YELLOW: -3
VALUE_WIN_RED: 3
VALUE_DRAW_RED: 0,6
VALUE_LOSS_RED: -1,8


Best Global Particle:

Best Global Particle Score Internally: 450,125
{
	NAME = "Particle-GLOBAL-BEST",

	WEIGHT_SCORE_OWN = 4.30278606719718,
	WEIGHT_SCORE_OPPONENT = -2.05831902566658,
	WEIGHT_HAMMINGDISTANCE_OWN = -2.94028533432269,
	WEIGHT_HAMMINGDISTANCE_OPPONENT = 2.37399277565501,

	WEIGHT_FORK_HAMMINGDISTANCE_S = -0.198414400740654,
	WEIGHT_FORK_HAMMINGDISTANCE_L = -0.31354272158902,

	WEIGHT_WALL_DISTANCE = -0.0307235030549718,
	WEIGHT_NEIGHBORS = 11.2401722610527,
	WEIGHT_NEIGHBOR_FREE = -1.9141546249384,
	WEIGHT_NEIGHBOR_OWNED = -3.91339983792995,
	WEIGHT_NEIGHBOR_TAKEN = 5.46502428718582
};
