File info:
Boardsize: 7 x 6
Particles: 30
Iterations: 60
Games Played Per Iteration: 900
Games Played: 54000
Games Played Per Minute: 14563,8156103714
MAX_SCORE: 2475
Cores: 14
Start Time: 19.09.2023 16:11:15
End Time: 19.09.2023 16:14:57
Total Time: 00:03:42.4691720
Boardsize: 7 x 6
Engine Depth: 2

Win Values:
VALUE_WIN_YELLOW: 2,5
VALUE_DRAW_YELLOW: 0,5
VALUE_LOSS_YELLOW: -3
VALUE_WIN_RED: 3
VALUE_DRAW_RED: 0,6
VALUE_LOSS_RED: -1,8


Best Global Particle:

Best Global Particle Score Internally: 512,525
{
	NAME = "Particle-GLOBAL-BEST",

	WEIGHT_SCORE_OWN = -1.20220696624209,
	WEIGHT_SCORE_OPPONENT = 2.80212664815386,
	WEIGHT_HAMMINGDISTANCE_OWN = 2.2525841324691,
	WEIGHT_HAMMINGDISTANCE_OPPONENT = 2.81178637027671,

	WEIGHT_FORK_HAMMINGDISTANCE_S = 2.1903529198485,
	WEIGHT_FORK_HAMMINGDISTANCE_L = -1.20471221715626,

	WEIGHT_WALL_DISTANCE = 3.20155445823581,
	WEIGHT_NEIGHBORS = 2.71818614986701,
	WEIGHT_NEIGHBOR_FREE = -2.30532818826765,
	WEIGHT_NEIGHBOR_OWNED = 3.30007772638841,
	WEIGHT_NEIGHBOR_TAKEN = -2.20102784827245
};
