File info:
Boardsize: 7 x 6
Particles: 30
Iterations: 40
Games Played Per Iteration: 900
Games Played: 36000
Games Played Per Minute: 16356,4571676303
MAX_SCORE: 2475
Cores: 14
Start Time: 19.09.2023 16:11:15
End Time: 19.09.2023 16:13:27
Total Time: 00:02:12.0579376
Boardsize: 7 x 6
Engine Depth: 2

Win Values:
VALUE_WIN_YELLOW: 2,5
VALUE_DRAW_YELLOW: 0,5
VALUE_LOSS_YELLOW: -3
VALUE_WIN_RED: 3
VALUE_DRAW_RED: 0,6
VALUE_LOSS_RED: -1,8


Best Global Particle:

Best Global Particle Score Internally: 512,525
{
	NAME = "Particle-GLOBAL-BEST",

	WEIGHT_SCORE_OWN = -1.25632215393901,
	WEIGHT_SCORE_OPPONENT = 2.85385387746844,
	WEIGHT_HAMMINGDISTANCE_OWN = 2.25400521811569,
	WEIGHT_HAMMINGDISTANCE_OPPONENT = 3.09808633185942,

	WEIGHT_FORK_HAMMINGDISTANCE_S = 2.18858940375023,
	WEIGHT_FORK_HAMMINGDISTANCE_L = -1.31856240382301,

	WEIGHT_WALL_DISTANCE = 3.24002402337389,
	WEIGHT_NEIGHBORS = 2.71964812157483,
	WEIGHT_NEIGHBOR_FREE = -2.43545613139747,
	WEIGHT_NEIGHBOR_OWNED = 3.30290709768368,
	WEIGHT_NEIGHBOR_TAKEN = -2.22617779565359
};
