File info:
Boardsize: 7 x 6
Particles: 30
Iterations: 45
Games Played Per Iteration: 900
Games Played: 40500
Games Played Per Minute: 72,0616134791417
MAX_SCORE: 2475
Cores: 14
Start Time: 18.09.2023 14:00:02
End Time: 18.09.2023 23:22:03
Total Time: 09:22:01.1433755
Boardsize: 7 x 6
Engine Depth: 6

Win Values:
VALUE_WIN_YELLOW: 2,5
VALUE_DRAW_YELLOW: 0,5
VALUE_LOSS_YELLOW: -3
VALUE_WIN_RED: 3
VALUE_DRAW_RED: 0,6
VALUE_LOSS_RED: -1,8


Best Global Particle:

Best Global Particle Score Internally: 49,5469230769231
{
	NAME = "Particle-GLOBAL-BEST",

	WEIGHT_SCORE_OWN = -1.27684556589423,
	WEIGHT_SCORE_OPPONENT = 0.871200819817309,
	WEIGHT_HAMMINGDISTANCE_OWN = 2.84167923311731,
	WEIGHT_HAMMINGDISTANCE_OPPONENT = -2.24707708385962,

	WEIGHT_FORK_HAMMINGDISTANCE_S = -0.106013607144797,
	WEIGHT_FORK_HAMMINGDISTANCE_L = -1.21793823664916,

	WEIGHT_WALL_DISTANCE = -1.80686695671809,
	WEIGHT_NEIGHBORS = -1.02094071305285,
	WEIGHT_NEIGHBOR_FREE = -0.211610291502928,
	WEIGHT_NEIGHBOR_OWNED = -2.00387439600185,
	WEIGHT_NEIGHBOR_TAKEN = -2.2643685338031
};
