File info:
Boardsize: 7 x 6
Particles: 30
Iterations: 53
Games Played Per Iteration: 900
Games Played: 47700
Games Played Per Minute: 66,8573921911728
MAX_SCORE: 2475
Cores: 14
Start Time: 17.09.2023 23:14:59
End Time: 18.09.2023 11:08:27
Total Time: 11:53:27.5326632
Boardsize: 7 x 6
Engine Depth: 6

Win Values:
VALUE_WIN_YELLOW: 2,5
VALUE_DRAW_YELLOW: 0,5
VALUE_LOSS_YELLOW: -3
VALUE_WIN_RED: 3
VALUE_DRAW_RED: 0,6
VALUE_LOSS_RED: -1,8


Best Global Particle:

Best Global Particle Score Internally: 49,6570769230769
{
	NAME = "Particle-GLOBAL-BEST",

	WEIGHT_SCORE_OWN = 2.20348276344142,
	WEIGHT_SCORE_OPPONENT = 0.191625803883368,
	WEIGHT_HAMMINGDISTANCE_OWN = 0.198160151315272,
	WEIGHT_HAMMINGDISTANCE_OPPONENT = 1.21039298462797,

	WEIGHT_FORK_HAMMINGDISTANCE_S = 0.101931694072764,
	WEIGHT_FORK_HAMMINGDISTANCE_L = -0.211224302605454,

	WEIGHT_WALL_DISTANCE = 1.20003460289577,
	WEIGHT_NEIGHBORS = 0.495943626610801,
	WEIGHT_NEIGHBOR_FREE = 1.70125657361455,
	WEIGHT_NEIGHBOR_OWNED = 2.30370438469192,
	WEIGHT_NEIGHBOR_TAKEN = 0.301141324425635
};
