File info:
Boardsize: 7 x 6
Particles: 30
Iterations: 59
Games Played Per Iteration: 900
Games Played: 53100
Games Played Per Minute: 50449,2913176181
MAX_SCORE: 2475
Cores: 14
Start Time: 19.09.2023 15:34:07
End Time: 19.09.2023 15:35:10
Total Time: 00:01:03.1525224
Boardsize: 7 x 6
Engine Depth: 2

Win Values:
VALUE_WIN_YELLOW: 2,5
VALUE_DRAW_YELLOW: 0,5
VALUE_LOSS_YELLOW: -3
VALUE_WIN_RED: 3
VALUE_DRAW_RED: 0,6
VALUE_LOSS_RED: -1,8


Best Global Particle:

Best Global Particle Score Internally: 432,25
{
	NAME = "Particle-GLOBAL-BEST",

	WEIGHT_SCORE_OWN = 3.28039867708635,
	WEIGHT_SCORE_OPPONENT = 1.65188673068119,
	WEIGHT_HAMMINGDISTANCE_OWN = -1.54799592827833,
	WEIGHT_HAMMINGDISTANCE_OPPONENT = -2.39756238258889,

	WEIGHT_FORK_HAMMINGDISTANCE_S = -1.29324638160284,
	WEIGHT_FORK_HAMMINGDISTANCE_L = 0.565109452337259,

	WEIGHT_WALL_DISTANCE = -2.19727146532795,
	WEIGHT_NEIGHBORS = -2.02837869924503,
	WEIGHT_NEIGHBOR_FREE = -2.76384311358208,
	WEIGHT_NEIGHBOR_OWNED = -1.9085370475238,
	WEIGHT_NEIGHBOR_TAKEN = -0.249667913978087
};
