File info:
Boardsize: 7 x 6
Particles: 30
Iterations: 40
Games Played Per Iteration: 900
Games Played: 36000
Games Played Per Minute: 34836,3434468846
MAX_SCORE: 2475
Cores: 14
Start Time: 19.09.2023 16:04:18
End Time: 19.09.2023 16:05:20
Total Time: 00:01:02.0042113
Boardsize: 7 x 6
Engine Depth: 2

Win Values:
VALUE_WIN_YELLOW: 2,5
VALUE_DRAW_YELLOW: 0,5
VALUE_LOSS_YELLOW: -3
VALUE_WIN_RED: 3
VALUE_DRAW_RED: 0,6
VALUE_LOSS_RED: -1,8


Best Global Particle:

Best Global Particle Score Internally: 450,125
{
	NAME = "Particle-GLOBAL-BEST",

	WEIGHT_SCORE_OWN = 2.84153494479767,
	WEIGHT_SCORE_OPPONENT = -1.22433490939733,
	WEIGHT_HAMMINGDISTANCE_OWN = -1.24081739991325,
	WEIGHT_HAMMINGDISTANCE_OPPONENT = 2.53358415507533,

	WEIGHT_FORK_HAMMINGDISTANCE_S = -0.204543236559057,
	WEIGHT_FORK_HAMMINGDISTANCE_L = -0.36668627737614,

	WEIGHT_WALL_DISTANCE = -0.610828757256725,
	WEIGHT_NEIGHBORS = 3.27717204046178,
	WEIGHT_NEIGHBOR_FREE = -2.28109389484075,
	WEIGHT_NEIGHBOR_OWNED = -1.95537053339944,
	WEIGHT_NEIGHBOR_TAKEN = 2.36842183159536
};
