File info:
Boardsize: 7 x 6
Particles: 30
Iterations: 16
Games Played Per Iteration: 900
Games Played: 14400
Games Played Per Minute: 29578,0931496315
MAX_SCORE: 2475
Cores: 14
Start Time: 19.09.2023 16:04:18
End Time: 19.09.2023 16:04:47
Total Time: 00:00:29.2108080
Boardsize: 7 x 6
Engine Depth: 2

Win Values:
VALUE_WIN_YELLOW: 2,5
VALUE_DRAW_YELLOW: 0,5
VALUE_LOSS_YELLOW: -3
VALUE_WIN_RED: 3
VALUE_DRAW_RED: 0,6
VALUE_LOSS_RED: -1,8


Best Global Particle:

Best Global Particle Score Internally: 450,125
{
	NAME = "Particle-GLOBAL-BEST",

	WEIGHT_SCORE_OWN = 3.82631624390207,
	WEIGHT_SCORE_OPPONENT = -1.79553827262393,
	WEIGHT_HAMMINGDISTANCE_OWN = -2.27722377014467,
	WEIGHT_HAMMINGDISTANCE_OPPONENT = 2.48557660371929,

	WEIGHT_FORK_HAMMINGDISTANCE_S = -0.202699588102772,
	WEIGHT_FORK_HAMMINGDISTANCE_L = -0.350699875147148,

	WEIGHT_WALL_DISTANCE = -0.436324138748147,
	WEIGHT_NEIGHBORS = 7.92854046384314,
	WEIGHT_NEIGHBOR_FREE = -2.17071289614037,
	WEIGHT_NEIGHBOR_OWNED = -3.27080129390602,
	WEIGHT_NEIGHBOR_TAKEN = 4.17029809001324
};
