File info:
Boardsize: 7 x 6
Particles: 30
Iterations: 50
Games Played Per Iteration: 900
Games Played: 45000
Games Played Per Minute: 78,5738867666177
MAX_SCORE: 2475
Cores: 16
Start Time: 19.09.2023 16:40:45
End Time: 20.09.2023 02:13:28
Total Time: 09:32:42.5612924
Boardsize: 7 x 6
Engine Depth: 6

Win Values:
VALUE_WIN_YELLOW: 2,5
VALUE_DRAW_YELLOW: 0,5
VALUE_LOSS_YELLOW: -3
VALUE_WIN_RED: 3
VALUE_DRAW_RED: 0,6
VALUE_LOSS_RED: -1,8


Best Global Particle:

Best Global Particle Score Internally: 427,7
{
	NAME = "Particle-GLOBAL-BEST",

	WEIGHT_SCORE_OWN = 2.68286183630455,
	WEIGHT_SCORE_OPPONENT = -0.263911846571699,
	WEIGHT_HAMMINGDISTANCE_OWN = -2.20578778626915,
	WEIGHT_HAMMINGDISTANCE_OPPONENT = -0.394362687716963,

	WEIGHT_FORK_HAMMINGDISTANCE_S = -1.46262066523626,
	WEIGHT_FORK_HAMMINGDISTANCE_L = -1.46549544466716,

	WEIGHT_WALL_DISTANCE = 6.26603700566003,
	WEIGHT_NEIGHBORS = 4.36000376586102,
	WEIGHT_NEIGHBOR_FREE = -1.90019578265381,
	WEIGHT_NEIGHBOR_OWNED = -2.66922433596299,
	WEIGHT_NEIGHBOR_TAKEN = -4.32769973720967
};
