File info:
Boardsize: 7 x 6
Particles: 30
Iterations: 29
Games Played Per Iteration: 900
Games Played: 26100
Games Played Per Minute: 91,0466218514882
MAX_SCORE: 2475
Cores: 14
Start Time: 17.09.2023 23:14:59
End Time: 18.09.2023 04:01:39
Total Time: 04:46:39.9791772
Boardsize: 7 x 6
Engine Depth: 6

Win Values:
VALUE_WIN_YELLOW: 2,5
VALUE_DRAW_YELLOW: 0,5
VALUE_LOSS_YELLOW: -3
VALUE_WIN_RED: 3
VALUE_DRAW_RED: 0,6
VALUE_LOSS_RED: -1,8


Best Global Particle:

Best Global Particle Score Internally: 49,6570769230769
{
	NAME = "Particle-GLOBAL-BEST",

	WEIGHT_SCORE_OWN = 2.37184701257236,
	WEIGHT_SCORE_OPPONENT = -0.18200075230797,
	WEIGHT_HAMMINGDISTANCE_OWN = 0.0874180588082095,
	WEIGHT_HAMMINGDISTANCE_OPPONENT = 1.66288552220244,

	WEIGHT_FORK_HAMMINGDISTANCE_S = 0.0929251471462059,
	WEIGHT_FORK_HAMMINGDISTANCE_L = -0.714104365154883,

	WEIGHT_WALL_DISTANCE = 1.20280093578128,
	WEIGHT_NEIGHBORS = 0.308318908703741,
	WEIGHT_NEIGHBOR_FREE = 1.75430807811511,
	WEIGHT_NEIGHBOR_OWNED = 2.47337560481139,
	WEIGHT_NEIGHBOR_TAKEN = 0.353053095524058
};
