File info:
Boardsize: 7 x 6
Particles: 30
Iterations: 33
Games Played Per Iteration: 900
Games Played: 29700
Games Played Per Minute: 94,2635733309297
MAX_SCORE: 2475
Cores: 14
Start Time: 17.09.2023 23:14:59
End Time: 18.09.2023 04:30:04
Total Time: 05:15:04.4392975
Boardsize: 7 x 6
Engine Depth: 6

Win Values:
VALUE_WIN_YELLOW: 2,5
VALUE_DRAW_YELLOW: 0,5
VALUE_LOSS_YELLOW: -3
VALUE_WIN_RED: 3
VALUE_DRAW_RED: 0,6
VALUE_LOSS_RED: -1,8


Best Global Particle:

Best Global Particle Score Internally: 49,6570769230769
{
	NAME = "Particle-GLOBAL-BEST",

	WEIGHT_SCORE_OWN = 2.28980807338689,
	WEIGHT_SCORE_OPPONENT = -0.0107888062922454,
	WEIGHT_HAMMINGDISTANCE_OWN = 0.148957147514678,
	WEIGHT_HAMMINGDISTANCE_OPPONENT = 1.45975394929792,

	WEIGHT_FORK_HAMMINGDISTANCE_S = 0.100424267071454,
	WEIGHT_FORK_HAMMINGDISTANCE_L = -0.482874928770144,

	WEIGHT_WALL_DISTANCE = 1.20107285878753,
	WEIGHT_NEIGHBORS = 0.396799022359671,
	WEIGHT_NEIGHBOR_FREE = 1.73113209621943,
	WEIGHT_NEIGHBOR_OWNED = 2.39396961908293,
	WEIGHT_NEIGHBOR_TAKEN = 0.328892007735777
};
