File info:
Boardsize: 7 x 6
Particles: 30
Iterations: 13
Games Played Per Iteration: 900
Games Played: 11700
Games Played Per Minute: 134,257929032456
MAX_SCORE: 2475
Cores: 16
Start Time: 19.09.2023 16:55:59
End Time: 19.09.2023 18:23:08
Total Time: 01:27:08.7414610
Boardsize: 7 x 6
Engine Depth: 6

Win Values:
VALUE_WIN_YELLOW: 2,5
VALUE_DRAW_YELLOW: 0,5
VALUE_LOSS_YELLOW: -3
VALUE_WIN_RED: 3
VALUE_DRAW_RED: 0,6
VALUE_LOSS_RED: -1,8


Best Global Particle:

Best Global Particle Score Internally: 418,925
{
	NAME = "Particle-GLOBAL-BEST",

	WEIGHT_SCORE_OWN = 0.34288163643925,
	WEIGHT_SCORE_OPPONENT = -1.64359516929895,
	WEIGHT_HAMMINGDISTANCE_OWN = -2.75763138966364,
	WEIGHT_HAMMINGDISTANCE_OPPONENT = 0.75735193246771,

	WEIGHT_FORK_HAMMINGDISTANCE_S = -0.0268039647561347,
	WEIGHT_FORK_HAMMINGDISTANCE_L = -0.799841060513506,

	WEIGHT_WALL_DISTANCE = 2.75003238255323,
	WEIGHT_NEIGHBORS = 0.658322837585979,
	WEIGHT_NEIGHBOR_FREE = -9.38419518518626,
	WEIGHT_NEIGHBOR_OWNED = -4.78668989572829,
	WEIGHT_NEIGHBOR_TAKEN = 0.478845599754332
};
