File info:
Boardsize: 7 x 6
Particles: 30
Iterations: 37
Games Played Per Iteration: 900
Games Played: 33300
Games Played Per Minute: 34447,7211349734
MAX_SCORE: 2475
Cores: 14
Start Time: 19.09.2023 16:04:18
End Time: 19.09.2023 16:05:16
Total Time: 00:00:58.0009340
Boardsize: 7 x 6
Engine Depth: 2

Win Values:
VALUE_WIN_YELLOW: 2,5
VALUE_DRAW_YELLOW: 0,5
VALUE_LOSS_YELLOW: -3
VALUE_WIN_RED: 3
VALUE_DRAW_RED: 0,6
VALUE_LOSS_RED: -1,8


Best Global Particle:

Best Global Particle Score Internally: 450,125
{
	NAME = "Particle-GLOBAL-BEST",

	WEIGHT_SCORE_OWN = 2.86648088833505,
	WEIGHT_SCORE_OPPONENT = -1.23894401420258,
	WEIGHT_HAMMINGDISTANCE_OWN = -1.26540940004894,
	WEIGHT_HAMMINGDISTANCE_OPPONENT = 2.53345171781855,

	WEIGHT_FORK_HAMMINGDISTANCE_S = -0.20453815053119,
	WEIGHT_FORK_HAMMINGDISTANCE_L = -0.366642176079633,

	WEIGHT_WALL_DISTANCE = -0.610347355637252,
	WEIGHT_NEIGHBORS = 3.38408748102439,
	WEIGHT_NEIGHBOR_FREE = -2.28078938948159,
	WEIGHT_NEIGHBOR_OWNED = -1.988629080495,
	WEIGHT_NEIGHBOR_TAKEN = 2.40971761196858
};
