File info:
Boardsize: 7 x 6
Particles: 30
Iterations: 65
Games Played Per Iteration: 900
Games Played: 58500
Games Played Per Minute: 14082,5154295301
MAX_SCORE: 2475
Cores: 14
Start Time: 19.09.2023 16:11:15
End Time: 19.09.2023 16:15:24
Total Time: 00:04:09.2452444
Boardsize: 7 x 6
Engine Depth: 2

Win Values:
VALUE_WIN_YELLOW: 2,5
VALUE_DRAW_YELLOW: 0,5
VALUE_LOSS_YELLOW: -3
VALUE_WIN_RED: 3
VALUE_DRAW_RED: 0,6
VALUE_LOSS_RED: -1,8


Best Global Particle:

Best Global Particle Score Internally: 512,525
{
	NAME = "Particle-GLOBAL-BEST",

	WEIGHT_SCORE_OWN = -1.20097924382859,
	WEIGHT_SCORE_OPPONENT = 2.80094360702421,
	WEIGHT_HAMMINGDISTANCE_OWN = 2.25258412458844,
	WEIGHT_HAMMINGDISTANCE_OPPONENT = 2.80522968659699,

	WEIGHT_FORK_HAMMINGDISTANCE_S = 2.19035292962812,
	WEIGHT_FORK_HAMMINGDISTANCE_L = -1.20209084155327,

	WEIGHT_WALL_DISTANCE = 3.20068972153263,
	WEIGHT_NEIGHBORS = 2.71818614175962,
	WEIGHT_NEIGHBOR_FREE = -2.30236414929069,
	WEIGHT_NEIGHBOR_OWNED = 3.30003448588553,
	WEIGHT_NEIGHBOR_TAKEN = -2.20045606239121
};
