File info:
Boardsize: 7 x 6
Particles: 30
Iterations: 81
Games Played Per Iteration: 900
Games Played: 72900
Games Played Per Minute: 41373,8267911775
MAX_SCORE: 2475
Cores: 14
Start Time: 19.09.2023 16:04:18
End Time: 19.09.2023 16:06:04
Total Time: 00:01:45.7190098
Boardsize: 7 x 6
Engine Depth: 2

Win Values:
VALUE_WIN_YELLOW: 2,5
VALUE_DRAW_YELLOW: 0,5
VALUE_LOSS_YELLOW: -3
VALUE_WIN_RED: 3
VALUE_DRAW_RED: 0,6
VALUE_LOSS_RED: -1,8


Best Global Particle:

Best Global Particle Score Internally: 450,125
{
	NAME = "Particle-GLOBAL-BEST",

	WEIGHT_SCORE_OWN = 2.80005371102676,
	WEIGHT_SCORE_OPPONENT = -1.2000314725356,
	WEIGHT_HAMMINGDISTANCE_OWN = -1.20005273815106,
	WEIGHT_HAMMINGDISTANCE_OPPONENT = 2.5336312071178,

	WEIGHT_FORK_HAMMINGDISTANCE_S = -0.204545043512818,
	WEIGHT_FORK_HAMMINGDISTANCE_L = -0.366701945596146,

	WEIGHT_WALL_DISTANCE = -0.610999788656765,
	WEIGHT_NEIGHBORS = 3.10022881516621,
	WEIGHT_NEIGHBOR_FREE = -2.28120207889288,
	WEIGHT_NEIGHBOR_OWNED = -1.90007160084421,
	WEIGHT_NEIGHBOR_TAKEN = 2.30008836217018
};
