File info:
Boardsize: 7 x 6
Particles: 30
Iterations: 24
Games Played Per Iteration: 900
Games Played: 21600
Games Played Per Minute: 32556,8195255064
MAX_SCORE: 2475
Cores: 14
Start Time: 19.09.2023 16:04:18
End Time: 19.09.2023 16:04:58
Total Time: 00:00:39.8073282
Boardsize: 7 x 6
Engine Depth: 2

Win Values:
VALUE_WIN_YELLOW: 2,5
VALUE_DRAW_YELLOW: 0,5
VALUE_LOSS_YELLOW: -3
VALUE_WIN_RED: 3
VALUE_DRAW_RED: 0,6
VALUE_LOSS_RED: -1,8


Best Global Particle:

Best Global Particle Score Internally: 450,125
{
	NAME = "Particle-GLOBAL-BEST",

	WEIGHT_SCORE_OWN = 3.20968815849156,
	WEIGHT_SCORE_OPPONENT = -1.4391907606236,
	WEIGHT_HAMMINGDISTANCE_OWN = -1.61261969685978,
	WEIGHT_HAMMINGDISTANCE_OPPONENT = 2.52435290485287,

	WEIGHT_FORK_HAMMINGDISTANCE_S = -0.204188726075988,
	WEIGHT_FORK_HAMMINGDISTANCE_L = -0.363612292659899,

	WEIGHT_WALL_DISTANCE = -0.577273707000581,
	WEIGHT_NEIGHBORS = 4.91329117097377,
	WEIGHT_NEIGHBOR_FREE = -2.2598690127123,
	WEIGHT_NEIGHBOR_OWNED = -2.44653908701637,
	WEIGHT_NEIGHBOR_TAKEN = 3.00108480593197
};
