File info:
Boardsize: 7 x 6
Particles: 30
Iterations: 32
Games Played Per Iteration: 900
Games Played: 28800
Games Played Per Minute: 93,4278658143229
MAX_SCORE: 2475
Cores: 14
Start Time: 17.09.2023 23:14:59
End Time: 18.09.2023 04:23:15
Total Time: 05:08:15.5525307
Boardsize: 7 x 6
Engine Depth: 6

Win Values:
VALUE_WIN_YELLOW: 2,5
VALUE_DRAW_YELLOW: 0,5
VALUE_LOSS_YELLOW: -3
VALUE_WIN_RED: 3
VALUE_DRAW_RED: 0,6
VALUE_LOSS_RED: -1,8


Best Global Particle:

Best Global Particle Score Internally: 49,6570769230769
{
	NAME = "Particle-GLOBAL-BEST",

	WEIGHT_SCORE_OWN = 2.30563775114764,
	WEIGHT_SCORE_OPPONENT = -0.0459058432288504,
	WEIGHT_HAMMINGDISTANCE_OWN = 0.138537101332589,
	WEIGHT_HAMMINGDISTANCE_OPPONENT = 1.50227910293398,

	WEIGHT_FORK_HAMMINGDISTANCE_S = 0.0995738920759161,
	WEIGHT_FORK_HAMMINGDISTANCE_L = -0.530141294908234,

	WEIGHT_WALL_DISTANCE = 1.20133335327982,
	WEIGHT_NEIGHBORS = 0.379161585970498,
	WEIGHT_NEIGHBOR_FREE = 1.73611718772546,
	WEIGHT_NEIGHBOR_OWNED = 2.40991871475354,
	WEIGHT_NEIGHBOR_TAKEN = 0.333771573006528
};
