File info:
Boardsize: 7 x 6
Particles: 30
Iterations: 49
Games Played Per Iteration: 900
Games Played: 44100
Games Played Per Minute: 72,6149039607114
MAX_SCORE: 2475
Cores: 14
Start Time: 18.09.2023 14:00:02
End Time: 19.09.2023 00:07:21
Total Time: 10:07:18.8005172
Boardsize: 7 x 6
Engine Depth: 6

Win Values:
VALUE_WIN_YELLOW: 2,5
VALUE_DRAW_YELLOW: 0,5
VALUE_LOSS_YELLOW: -3
VALUE_WIN_RED: 3
VALUE_DRAW_RED: 0,6
VALUE_LOSS_RED: -1,8


Best Global Particle:

Best Global Particle Score Internally: 49,5469230769231
{
	NAME = "Particle-GLOBAL-BEST",

	WEIGHT_SCORE_OWN = -1.23460588903516,
	WEIGHT_SCORE_OPPONENT = 1.20145967335554,
	WEIGHT_HAMMINGDISTANCE_OWN = 2.82518854139982,
	WEIGHT_HAMMINGDISTANCE_OPPONENT = -2.22526773942936,

	WEIGHT_FORK_HAMMINGDISTANCE_S = 0.0550877036068552,
	WEIGHT_FORK_HAMMINGDISTANCE_L = -1.20834717038829,

	WEIGHT_WALL_DISTANCE = -1.80313104578021,
	WEIGHT_NEIGHBORS = -0.916073208829376,
	WEIGHT_NEIGHBOR_FREE = 0.195482820377807,
	WEIGHT_NEIGHBOR_OWNED = -1.96290302663425,
	WEIGHT_NEIGHBOR_TAKEN = -2.23512889270949
};
