File info:
Boardsize: 7 x 6
Particles: 30
Iterations: 43
Games Played Per Iteration: 900
Games Played: 38700
Games Played Per Minute: 71,7515067196125
MAX_SCORE: 2475
Cores: 14
Start Time: 18.09.2023 14:00:02
End Time: 18.09.2023 22:59:24
Total Time: 08:59:21.6897562
Boardsize: 7 x 6
Engine Depth: 6

Win Values:
VALUE_WIN_YELLOW: 2,5
VALUE_DRAW_YELLOW: 0,5
VALUE_LOSS_YELLOW: -3
VALUE_WIN_RED: 3
VALUE_DRAW_RED: 0,6
VALUE_LOSS_RED: -1,8


Best Global Particle:

Best Global Particle Score Internally: 49,4964615384615
{
	NAME = "Particle-GLOBAL-BEST",

	WEIGHT_SCORE_OWN = -1.30892572014892,
	WEIGHT_SCORE_OPPONENT = 0.449707906056296,
	WEIGHT_HAMMINGDISTANCE_OWN = 2.83357327734256,
	WEIGHT_HAMMINGDISTANCE_OPPONENT = -2.26613860053133,

	WEIGHT_FORK_HAMMINGDISTANCE_S = -0.484723838301968,
	WEIGHT_FORK_HAMMINGDISTANCE_L = -1.22966290443198,

	WEIGHT_WALL_DISTANCE = -1.83013322352371,
	WEIGHT_NEIGHBORS = -1.17325031614649,
	WEIGHT_NEIGHBOR_FREE = -0.438672456555895,
	WEIGHT_NEIGHBOR_OWNED = -1.96879154812977,
	WEIGHT_NEIGHBOR_TAKEN = -2.27455697212122
};
