File info:
Boardsize: 7 x 6
Particles: 30
Iterations: 52
Games Played Per Iteration: 900
Games Played: 46800
Games Played Per Minute: 66,3235207775239
MAX_SCORE: 2475
Cores: 14
Start Time: 17.09.2023 23:14:59
End Time: 18.09.2023 11:00:37
Total Time: 11:45:37.9212545
Boardsize: 7 x 6
Engine Depth: 6

Win Values:
VALUE_WIN_YELLOW: 2,5
VALUE_DRAW_YELLOW: 0,5
VALUE_LOSS_YELLOW: -3
VALUE_WIN_RED: 3
VALUE_DRAW_RED: 0,6
VALUE_LOSS_RED: -1,8


Best Global Particle:

Best Global Particle Score Internally: 49,6570769230769
{
	NAME = "Particle-GLOBAL-BEST",

	WEIGHT_SCORE_OWN = 2.2040973686837,
	WEIGHT_SCORE_OPPONENT = 0.190148012415603,
	WEIGHT_HAMMINGDISTANCE_OWN = 0.197835466809456,
	WEIGHT_HAMMINGDISTANCE_OPPONENT = 1.21222702824328,

	WEIGHT_FORK_HAMMINGDISTANCE_S = 0.101931690866192,
	WEIGHT_FORK_HAMMINGDISTANCE_L = -0.21320505188589,

	WEIGHT_WALL_DISTANCE = 1.20004070955749,
	WEIGHT_NEIGHBORS = 0.49522779817902,
	WEIGHT_NEIGHBOR_FREE = 1.70147831998087,
	WEIGHT_NEIGHBOR_OWNED = 2.30435809724772,
	WEIGHT_NEIGHBOR_TAKEN = 0.301342733792503
};
