File info:
Boardsize: 7 x 6
Particles: 30
Iterations: 41
Games Played Per Iteration: 900
Games Played: 36900
Games Played Per Minute: 16267,8434739402
MAX_SCORE: 2475
Cores: 14
Start Time: 19.09.2023 16:11:15
End Time: 19.09.2023 16:13:31
Total Time: 00:02:16.0967115
Boardsize: 7 x 6
Engine Depth: 2

Win Values:
VALUE_WIN_YELLOW: 2,5
VALUE_DRAW_YELLOW: 0,5
VALUE_LOSS_YELLOW: -3
VALUE_WIN_RED: 3
VALUE_DRAW_RED: 0,6
VALUE_LOSS_RED: -1,8


Best Global Particle:

Best Global Particle Score Internally: 512,525
{
	NAME = "Particle-GLOBAL-BEST",

	WEIGHT_SCORE_OWN = -1.24800487472634,
	WEIGHT_SCORE_OPPONENT = 2.84599084862789,
	WEIGHT_HAMMINGDISTANCE_OWN = 2.25349323835845,
	WEIGHT_HAMMINGDISTANCE_OPPONENT = 3.05464674027173,

	WEIGHT_FORK_HAMMINGDISTANCE_S = 2.18922475218686,
	WEIGHT_FORK_HAMMINGDISTANCE_L = -1.30141719625891,

	WEIGHT_WALL_DISTANCE = 3.2340376355191,
	WEIGHT_NEIGHBORS = 2.7191214116458,
	WEIGHT_NEIGHBOR_FREE = -2.41556441281567,
	WEIGHT_NEIGHBOR_OWNED = 3.30227976235499,
	WEIGHT_NEIGHBOR_TAKEN = -2.22232341335608
};
