File info:
Boardsize: 7 x 6
Particles: 30
Iterations: 33
Games Played Per Iteration: 900
Games Played: 29700
Games Played Per Minute: 69,0866297993209
MAX_SCORE: 2475
Cores: 14
Start Time: 18.09.2023 14:00:02
End Time: 18.09.2023 21:09:56
Total Time: 07:09:53.7028507
Boardsize: 7 x 6
Engine Depth: 6

Win Values:
VALUE_WIN_YELLOW: 2,5
VALUE_DRAW_YELLOW: 0,5
VALUE_LOSS_YELLOW: -3
VALUE_WIN_RED: 3
VALUE_DRAW_RED: 0,6
VALUE_LOSS_RED: -1,8


Best Global Particle:

Best Global Particle Score Internally: 49,4964615384615
{
	NAME = "Particle-GLOBAL-BEST",

	WEIGHT_SCORE_OWN = -1.6431287128078,
	WEIGHT_SCORE_OPPONENT = 0.43349763885128,
	WEIGHT_HAMMINGDISTANCE_OWN = 2.95943041048854,
	WEIGHT_HAMMINGDISTANCE_OPPONENT = -2.4852621097983,

	WEIGHT_FORK_HAMMINGDISTANCE_S = -0.459914289656015,
	WEIGHT_FORK_HAMMINGDISTANCE_L = -1.34904833262193,

	WEIGHT_WALL_DISTANCE = -1.91927146263243,
	WEIGHT_NEIGHBORS = -1.15479467951948,
	WEIGHT_NEIGHBOR_FREE = -0.439267954726823,
	WEIGHT_NEIGHBOR_OWNED = -2.18837523134891,
	WEIGHT_NEIGHBOR_TAKEN = -2.485938919598
};
