File info:
Boardsize: 7 x 6
Particles: 30
Iterations: 11
Games Played Per Iteration: 900
Games Played: 9900
Games Played Per Minute: 26591,8455102953
MAX_SCORE: 2475
Cores: 14
Start Time: 19.09.2023 16:04:18
End Time: 19.09.2023 16:04:41
Total Time: 00:00:22.3376749
Boardsize: 7 x 6
Engine Depth: 2

Win Values:
VALUE_WIN_YELLOW: 2,5
VALUE_DRAW_YELLOW: 0,5
VALUE_LOSS_YELLOW: -3
VALUE_WIN_RED: 3
VALUE_DRAW_RED: 0,6
VALUE_LOSS_RED: -1,8


Best Global Particle:

Best Global Particle Score Internally: 450,125
{
	NAME = "Particle-GLOBAL-BEST",

	WEIGHT_SCORE_OWN = 4.2658518884753,
	WEIGHT_SCORE_OPPONENT = -2.04106136780695,
	WEIGHT_HAMMINGDISTANCE_OWN = -2.85186748628812,
	WEIGHT_HAMMINGDISTANCE_OPPONENT = 2.4028509388398,

	WEIGHT_FORK_HAMMINGDISTANCE_S = -0.199522649474531,
	WEIGHT_FORK_HAMMINGDISTANCE_L = -0.323152422380473,

	WEIGHT_WALL_DISTANCE = -0.135621224666968,
	WEIGHT_NEIGHBORS = 10.7403974715467,
	WEIGHT_NEIGHBOR_FREE = -1.98050653798164,
	WEIGHT_NEIGHBOR_OWNED = -3.86217933875753,
	WEIGHT_NEIGHBOR_TAKEN = 5.26778680603093
};
