File info:
Boardsize: 7 x 6
Particles: 30
Iterations: 56
Games Played Per Iteration: 900
Games Played: 50400
Games Played Per Minute: 51277,3679873699
MAX_SCORE: 2475
Cores: 14
Start Time: 19.09.2023 15:34:07
End Time: 19.09.2023 15:35:06
Total Time: 00:00:58.9733857
Boardsize: 7 x 6
Engine Depth: 2

Win Values:
VALUE_WIN_YELLOW: 2,5
VALUE_DRAW_YELLOW: 0,5
VALUE_LOSS_YELLOW: -3
VALUE_WIN_RED: 3
VALUE_DRAW_RED: 0,6
VALUE_LOSS_RED: -1,8


Best Global Particle:

Best Global Particle Score Internally: 432,25
{
	NAME = "Particle-GLOBAL-BEST",

	WEIGHT_SCORE_OWN = 3.5814728162564,
	WEIGHT_SCORE_OPPONENT = 1.65188875707748,
	WEIGHT_HAMMINGDISTANCE_OWN = -1.76602430139214,
	WEIGHT_HAMMINGDISTANCE_OPPONENT = -2.52139450498083,

	WEIGHT_FORK_HAMMINGDISTANCE_S = -1.35180032395582,
	WEIGHT_FORK_HAMMINGDISTANCE_L = 0.565271886483572,

	WEIGHT_WALL_DISTANCE = -2.44630209889073,
	WEIGHT_NEIGHBORS = -2.04617240382861,
	WEIGHT_NEIGHBOR_FREE = -3.05397148417728,
	WEIGHT_NEIGHBOR_OWNED = -1.91397944431042,
	WEIGHT_NEIGHBOR_TAKEN = -0.249873950281238
};
