File info:
Boardsize: 7 x 6
Particles: 30
Iterations: 71
Games Played Per Iteration: 900
Games Played: 63900
Games Played Per Minute: 49381,9344716722
MAX_SCORE: 2475
Cores: 14
Start Time: 19.09.2023 15:34:07
End Time: 19.09.2023 15:35:24
Total Time: 00:01:17.6397288
Boardsize: 7 x 6
Engine Depth: 2

Win Values:
VALUE_WIN_YELLOW: 2,5
VALUE_DRAW_YELLOW: 0,5
VALUE_LOSS_YELLOW: -3
VALUE_WIN_RED: 3
VALUE_DRAW_RED: 0,6
VALUE_LOSS_RED: -1,8


Best Global Particle:

Best Global Particle Score Internally: 432,25
{
	NAME = "Particle-GLOBAL-BEST",

	WEIGHT_SCORE_OWN = 2.86834132196101,
	WEIGHT_SCORE_OPPONENT = 1.65188658068521,
	WEIGHT_HAMMINGDISTANCE_OWN = -1.24950649654216,
	WEIGHT_HAMMINGDISTANCE_OPPONENT = -2.22810496410392,

	WEIGHT_FORK_HAMMINGDISTANCE_S = -1.21326392482791,
	WEIGHT_FORK_HAMMINGDISTANCE_L = 0.565097428791247,

	WEIGHT_WALL_DISTANCE = -1.85651508488153,
	WEIGHT_NEIGHBORS = -2.00403705083861,
	WEIGHT_NEIGHBOR_FREE = -2.36599242876309,
	WEIGHT_NEIGHBOR_OWNED = -1.90121346026278,
	WEIGHT_NEIGHBOR_TAKEN = -0.249652662954659
};
