File info:
Boardsize: 7 x 6
Particles: 30
Iterations: 4
Games Played Per Iteration: 900
Games Played: 3600
Games Played Per Minute: 520,880779176857
MAX_SCORE: 2475
Cores: 16
Start Time: 19.09.2023 16:55:59
End Time: 19.09.2023 17:02:54
Total Time: 00:06:54.6822241
Boardsize: 7 x 6
Engine Depth: 6

Win Values:
VALUE_WIN_YELLOW: 2,5
VALUE_DRAW_YELLOW: 0,5
VALUE_LOSS_YELLOW: -3
VALUE_WIN_RED: 3
VALUE_DRAW_RED: 0,6
VALUE_LOSS_RED: -1,8


Best Global Particle:

Best Global Particle Score Internally: 342,875
{
	NAME = "Particle-GLOBAL-BEST",

	WEIGHT_SCORE_OWN = 1.08203533468422,
	WEIGHT_SCORE_OPPONENT = 0.641508945055536,
	WEIGHT_HAMMINGDISTANCE_OWN = -0.612568981786036,
	WEIGHT_HAMMINGDISTANCE_OPPONENT = 2.08668902449048,

	WEIGHT_FORK_HAMMINGDISTANCE_S = -0.04983190969587,
	WEIGHT_FORK_HAMMINGDISTANCE_L = -0.185843213908414,

	WEIGHT_WALL_DISTANCE = 0.1143055698726,
	WEIGHT_NEIGHBORS = -2.00691996347524,
	WEIGHT_NEIGHBOR_FREE = 1.30162867286775,
	WEIGHT_NEIGHBOR_OWNED = -1.47513794203363,
	WEIGHT_NEIGHBOR_TAKEN = -0.669063097634247
};
