File info:
Boardsize: 7 x 6
Particles: 30
Iterations: 54
Games Played Per Iteration: 900
Games Played: 48600
Games Played Per Minute: 37011,7793605221
MAX_SCORE: 2475
Cores: 14
Start Time: 19.09.2023 16:04:18
End Time: 19.09.2023 16:05:37
Total Time: 00:01:18.7857285
Boardsize: 7 x 6
Engine Depth: 2

Win Values:
VALUE_WIN_YELLOW: 2,5
VALUE_DRAW_YELLOW: 0,5
VALUE_LOSS_YELLOW: -3
VALUE_WIN_RED: 3
VALUE_DRAW_RED: 0,6
VALUE_LOSS_RED: -1,8


Best Global Particle:

Best Global Particle Score Internally: 450,125
{
	NAME = "Particle-GLOBAL-BEST",

	WEIGHT_SCORE_OWN = 2.80432165521556,
	WEIGHT_SCORE_OPPONENT = -1.20253231323611,
	WEIGHT_HAMMINGDISTANCE_OWN = -1.20424344369209,
	WEIGHT_HAMMINGDISTANCE_OPPONENT = 2.53363111610644,

	WEIGHT_FORK_HAMMINGDISTANCE_S = -0.204545040017681,
	WEIGHT_FORK_HAMMINGDISTANCE_L = -0.366701915289577,

	WEIGHT_WALL_DISTANCE = -0.610999457835854,
	WEIGHT_NEIGHBORS = 3.11841119101264,
	WEIGHT_NEIGHBOR_FREE = -2.28120186963571,
	WEIGHT_NEIGHBOR_OWNED = -1.90576109447064,
	WEIGHT_NEIGHBOR_TAKEN = 2.30710990478032
};
