File info:
Boardsize: 7 x 6
Particles: 30
Iterations: 55
Games Played Per Iteration: 900
Games Played: 49500
Games Played Per Minute: 37217,1278365034
MAX_SCORE: 2475
Cores: 14
Start Time: 19.09.2023 16:04:18
End Time: 19.09.2023 16:05:38
Total Time: 00:01:19.8019668
Boardsize: 7 x 6
Engine Depth: 2

Win Values:
VALUE_WIN_YELLOW: 2,5
VALUE_DRAW_YELLOW: 0,5
VALUE_LOSS_YELLOW: -3
VALUE_WIN_RED: 3
VALUE_DRAW_RED: 0,6
VALUE_LOSS_RED: -1,8


Best Global Particle:

Best Global Particle Score Internally: 450,125
{
	NAME = "Particle-GLOBAL-BEST",

	WEIGHT_SCORE_OWN = 2.8036736209293,
	WEIGHT_SCORE_OPPONENT = -1.20215259283172,
	WEIGHT_HAMMINGDISTANCE_OWN = -1.203607123129,
	WEIGHT_HAMMINGDISTANCE_OPPONENT = 2.53363114887072,

	WEIGHT_FORK_HAMMINGDISTANCE_S = -0.204545041275938,
	WEIGHT_FORK_HAMMINGDISTANCE_L = -0.366701926200006,

	WEIGHT_WALL_DISTANCE = -0.610999576932078,
	WEIGHT_NEIGHBORS = 3.11565033123722,
	WEIGHT_NEIGHBOR_FREE = -2.28120194496873,
	WEIGHT_NEIGHBOR_OWNED = -1.9048972150353,
	WEIGHT_NEIGHBOR_TAKEN = 2.30604373414282
};
