File info:
Boardsize: 7 x 6
Particles: 30
Iterations: 55
Games Played Per Iteration: 900
Games Played: 49500
Games Played Per Minute: 78,751978788502
MAX_SCORE: 2475
Cores: 16
Start Time: 19.09.2023 16:40:45
End Time: 20.09.2023 03:09:19
Total Time: 10:28:33.3380734
Boardsize: 7 x 6
Engine Depth: 6

Win Values:
VALUE_WIN_YELLOW: 2,5
VALUE_DRAW_YELLOW: 0,5
VALUE_LOSS_YELLOW: -3
VALUE_WIN_RED: 3
VALUE_DRAW_RED: 0,6
VALUE_LOSS_RED: -1,8


Best Global Particle:

Best Global Particle Score Internally: 441,025
{
	NAME = "Particle-GLOBAL-BEST",

	WEIGHT_SCORE_OWN = 2.26133741634898,
	WEIGHT_SCORE_OPPONENT = -0.0204863904127938,
	WEIGHT_HAMMINGDISTANCE_OWN = -2.18466156244849,
	WEIGHT_HAMMINGDISTANCE_OPPONENT = 0.856168479004547,

	WEIGHT_FORK_HAMMINGDISTANCE_S = -1.29957973477344,
	WEIGHT_FORK_HAMMINGDISTANCE_L = -1.41380469277431,

	WEIGHT_WALL_DISTANCE = 7.49188385281811,
	WEIGHT_NEIGHBORS = 2.90423806762727,
	WEIGHT_NEIGHBOR_FREE = -2.32505186507219,
	WEIGHT_NEIGHBOR_OWNED = -2.54052859423809,
	WEIGHT_NEIGHBOR_TAKEN = -4.12880737853185
};
