File info:
Boardsize: 7 x 6
Particles: 30
Iterations: 7
Games Played Per Iteration: 900
Games Played: 6300
Games Played Per Minute: 23612,2074962837
MAX_SCORE: 2475
Cores: 14
Start Time: 19.09.2023 16:04:18
End Time: 19.09.2023 16:04:34
Total Time: 00:00:16.0086684
Boardsize: 7 x 6
Engine Depth: 2

Win Values:
VALUE_WIN_YELLOW: 2,5
VALUE_DRAW_YELLOW: 0,5
VALUE_LOSS_YELLOW: -3
VALUE_WIN_RED: 3
VALUE_DRAW_RED: 0,6
VALUE_LOSS_RED: -1,8


Best Global Particle:

Best Global Particle Score Internally: 450,125
{
	NAME = "Particle-GLOBAL-BEST",

	WEIGHT_SCORE_OWN = 4.08259790366214,
	WEIGHT_SCORE_OPPONENT = -1.90885119289682,
	WEIGHT_HAMMINGDISTANCE_OWN = -2.96730013477202,
	WEIGHT_HAMMINGDISTANCE_OPPONENT = 2.24354253929424,

	WEIGHT_FORK_HAMMINGDISTANCE_S = -0.193404681017502,
	WEIGHT_FORK_HAMMINGDISTANCE_L = -0.27010309822927,

	WEIGHT_WALL_DISTANCE = 0.443455414375381,
	WEIGHT_NEIGHBORS = 11.8990766516785,
	WEIGHT_NEIGHBOR_FREE = -1.61421790741219,
	WEIGHT_NEIGHBOR_OWNED = -3.62912697392222,
	WEIGHT_NEIGHBOR_TAKEN = 5.73923962101955
};
