File info:
Boardsize: 7 x 6
Particles: 30
Iterations: 9
Games Played Per Iteration: 900
Games Played: 8100
Games Played Per Minute: 74,2239930731956
MAX_SCORE: 2475
Cores: 14
Start Time: 17.09.2023 23:14:59
End Time: 18.09.2023 01:04:07
Total Time: 01:49:07.7479704
Boardsize: 7 x 6
Engine Depth: 6

Win Values:
VALUE_WIN_YELLOW: 2,5
VALUE_DRAW_YELLOW: 0,5
VALUE_LOSS_YELLOW: -3
VALUE_WIN_RED: 3
VALUE_DRAW_RED: 0,6
VALUE_LOSS_RED: -1,8


Best Global Particle:

Best Global Particle Score Internally: 49,5512307692308
{
	NAME = "Particle-GLOBAL-BEST",

	WEIGHT_SCORE_OWN = 5.01522394331752,
	WEIGHT_SCORE_OPPONENT = 0.365431002323519,
	WEIGHT_HAMMINGDISTANCE_OWN = -4.23856177209009,
	WEIGHT_HAMMINGDISTANCE_OPPONENT = 1.75768443627227,

	WEIGHT_FORK_HAMMINGDISTANCE_S = -0.437009803989437,
	WEIGHT_FORK_HAMMINGDISTANCE_L = -1.56925370151095,

	WEIGHT_WALL_DISTANCE = 1.41035424319857,
	WEIGHT_NEIGHBORS = -0.888026597246136,
	WEIGHT_NEIGHBOR_FREE = 1.47902578020714,
	WEIGHT_NEIGHBOR_OWNED = 3.50030088038905,
	WEIGHT_NEIGHBOR_TAKEN = 0.599814040586722
};
