File info:
Boardsize: 7 x 6
Particles: 30
Iterations: 59
Games Played Per Iteration: 900
Games Played: 53100
Games Played Per Minute: 69,942668586789
MAX_SCORE: 2475
Cores: 14
Start Time: 17.09.2023 23:14:59
End Time: 18.09.2023 11:54:11
Total Time: 12:39:11.5933889
Boardsize: 7 x 6
Engine Depth: 6

Win Values:
VALUE_WIN_YELLOW: 2,5
VALUE_DRAW_YELLOW: 0,5
VALUE_LOSS_YELLOW: -3
VALUE_WIN_RED: 3
VALUE_DRAW_RED: 0,6
VALUE_LOSS_RED: -1,8


Best Global Particle:

Best Global Particle Score Internally: 49,6570769230769
{
	NAME = "Particle-GLOBAL-BEST",

	WEIGHT_SCORE_OWN = 2.20131352256588,
	WEIGHT_SCORE_OPPONENT = 0.196841673676353,
	WEIGHT_HAMMINGDISTANCE_OWN = 0.199306103530721,
	WEIGHT_HAMMINGDISTANCE_OPPONENT = 1.20391971280398,

	WEIGHT_FORK_HAMMINGDISTANCE_S = 0.101931696290475,
	WEIGHT_FORK_HAMMINGDISTANCE_L = -0.204233243241298,

	WEIGHT_WALL_DISTANCE = 1.20001305038623,
	WEIGHT_NEIGHBORS = 0.4984701401021,
	WEIGHT_NEIGHBOR_FREE = 1.70047391669598,
	WEIGHT_NEIGHBOR_OWNED = 2.30139710759715,
	WEIGHT_NEIGHBOR_TAKEN = 0.300430450197902
};
