File info:
Boardsize: 7 x 6
Particles: 30
Iterations: 6
Games Played Per Iteration: 900
Games Played: 5400
Games Played Per Minute: 244,879101327274
MAX_SCORE: 2475
Cores: 16
Start Time: 19.09.2023 16:55:59
End Time: 19.09.2023 17:18:02
Total Time: 00:22:03.1018827
Boardsize: 7 x 6
Engine Depth: 6

Win Values:
VALUE_WIN_YELLOW: 2,5
VALUE_DRAW_YELLOW: 0,5
VALUE_LOSS_YELLOW: -3
VALUE_WIN_RED: 3
VALUE_DRAW_RED: 0,6
VALUE_LOSS_RED: -1,8


Best Global Particle:

Best Global Particle Score Internally: 342,875
{
	NAME = "Particle-GLOBAL-BEST",

	WEIGHT_SCORE_OWN = 1.02435772116206,
	WEIGHT_SCORE_OPPONENT = 0.751890362924621,
	WEIGHT_HAMMINGDISTANCE_OWN = -0.801872011917665,
	WEIGHT_HAMMINGDISTANCE_OPPONENT = 2.70623172395403,

	WEIGHT_FORK_HAMMINGDISTANCE_S = -0.0662467259806557,
	WEIGHT_FORK_HAMMINGDISTANCE_L = -0.239267240630326,

	WEIGHT_WALL_DISTANCE = 0.151494790587101,
	WEIGHT_NEIGHBORS = -2.89410174458751,
	WEIGHT_NEIGHBOR_FREE = 1.9894335745589,
	WEIGHT_NEIGHBOR_OWNED = -2.21395516868532,
	WEIGHT_NEIGHBOR_TAKEN = -1.18238951515069
};
