File info:
Boardsize: 7 x 6
Particles: 30
Iterations: 32
Games Played Per Iteration: 900
Games Played: 28800
Games Played Per Minute: 17172,9676075326
MAX_SCORE: 2475
Cores: 14
Start Time: 19.09.2023 16:11:15
End Time: 19.09.2023 16:12:55
Total Time: 00:01:40.6232609
Boardsize: 7 x 6
Engine Depth: 2

Win Values:
VALUE_WIN_YELLOW: 2,5
VALUE_DRAW_YELLOW: 0,5
VALUE_LOSS_YELLOW: -3
VALUE_WIN_RED: 3
VALUE_DRAW_RED: 0,6
VALUE_LOSS_RED: -1,8


Best Global Particle:

Best Global Particle Score Internally: 512,525
{
	NAME = "Particle-GLOBAL-BEST",

	WEIGHT_SCORE_OWN = -1.3898604249926,
	WEIGHT_SCORE_OPPONENT = 2.97001064361689,
	WEIGHT_HAMMINGDISTANCE_OWN = 2.29344414558653,
	WEIGHT_HAMMINGDISTANCE_OPPONENT = 3.73036045826654,

	WEIGHT_FORK_HAMMINGDISTANCE_S = 2.13964711539481,
	WEIGHT_FORK_HAMMINGDISTANCE_L = -1.55300253927384,

	WEIGHT_WALL_DISTANCE = 3.34467077812255,
	WEIGHT_NEIGHBORS = 2.7602217465968,
	WEIGHT_NEIGHBOR_FREE = -2.74229105711807,
	WEIGHT_NEIGHBOR_OWNED = 3.33523876684959,
	WEIGHT_NEIGHBOR_TAKEN = -2.28678283373901
};
