File info:
Boardsize: 7 x 6
Particles: 30
Iterations: 54
Games Played Per Iteration: 900
Games Played: 48600
Games Played Per Minute: 15045,2577528405
MAX_SCORE: 2475
Cores: 14
Start Time: 19.09.2023 16:11:15
End Time: 19.09.2023 16:14:29
Total Time: 00:03:13.8152239
Boardsize: 7 x 6
Engine Depth: 2

Win Values:
VALUE_WIN_YELLOW: 2,5
VALUE_DRAW_YELLOW: 0,5
VALUE_LOSS_YELLOW: -3
VALUE_WIN_RED: 3
VALUE_DRAW_RED: 0,6
VALUE_LOSS_RED: -1,8


Best Global Particle:

Best Global Particle Score Internally: 512,525
{
	NAME = "Particle-GLOBAL-BEST",

	WEIGHT_SCORE_OWN = -1.20585113229201,
	WEIGHT_SCORE_OPPONENT = 2.80563780676434,
	WEIGHT_HAMMINGDISTANCE_OWN = 2.25258580299247,
	WEIGHT_HAMMINGDISTANCE_OPPONENT = 2.83124566032903,

	WEIGHT_FORK_HAMMINGDISTANCE_S = 2.19035084678918,
	WEIGHT_FORK_HAMMINGDISTANCE_L = -1.21249152021124,

	WEIGHT_WALL_DISTANCE = 3.20412152206915,
	WEIGHT_NEIGHBORS = 2.71818786845301,
	WEIGHT_NEIGHBOR_FREE = -2.31412567030669,
	WEIGHT_NEIGHBOR_OWNED = 3.30020691931166,
	WEIGHT_NEIGHBOR_TAKEN = -2.2027249933741
};
