File info:
Boardsize: 7 x 6
Particles: 30
Iterations: 34
Games Played Per Iteration: 900
Games Played: 30600
Games Played Per Minute: 16928,6224541029
MAX_SCORE: 2475
Cores: 14
Start Time: 19.09.2023 16:11:15
End Time: 19.09.2023 16:13:03
Total Time: 00:01:48.4553693
Boardsize: 7 x 6
Engine Depth: 2

Win Values:
VALUE_WIN_YELLOW: 2,5
VALUE_DRAW_YELLOW: 0,5
VALUE_LOSS_YELLOW: -3
VALUE_WIN_RED: 3
VALUE_DRAW_RED: 0,6
VALUE_LOSS_RED: -1,8


Best Global Particle:

Best Global Particle Score Internally: 512,525
{
	NAME = "Particle-GLOBAL-BEST",

	WEIGHT_SCORE_OWN = -1.34191030936062,
	WEIGHT_SCORE_OPPONENT = 2.93060506925087,
	WEIGHT_HAMMINGDISTANCE_OWN = 2.27327829108437,
	WEIGHT_HAMMINGDISTANCE_OPPONENT = 3.51820679748402,

	WEIGHT_FORK_HAMMINGDISTANCE_S = 2.16467221443453,
	WEIGHT_FORK_HAMMINGDISTANCE_L = -1.47814442933774,

	WEIGHT_WALL_DISTANCE = 3.30514684059322,
	WEIGHT_NEIGHBORS = 2.73947570020841,
	WEIGHT_NEIGHBOR_FREE = -2.63497700519959,
	WEIGHT_NEIGHBOR_OWNED = 3.31854715614836,
	WEIGHT_NEIGHBOR_TAKEN = -2.26531317635106
};
