File info:
Boardsize: 7 x 6
Particles: 30
Iterations: 32
Games Played Per Iteration: 900
Games Played: 28800
Games Played Per Minute: 68,7816402507901
MAX_SCORE: 2475
Cores: 14
Start Time: 18.09.2023 14:00:02
End Time: 18.09.2023 20:58:45
Total Time: 06:58:42.9833092
Boardsize: 7 x 6
Engine Depth: 6

Win Values:
VALUE_WIN_YELLOW: 2,5
VALUE_DRAW_YELLOW: 0,5
VALUE_LOSS_YELLOW: -3
VALUE_WIN_RED: 3
VALUE_DRAW_RED: 0,6
VALUE_LOSS_RED: -1,8


Best Global Particle:

Best Global Particle Score Internally: 49,4964615384615
{
	NAME = "Particle-GLOBAL-BEST",

	WEIGHT_SCORE_OWN = -1.69213356400859,
	WEIGHT_SCORE_OPPONENT = 0.427390077502552,
	WEIGHT_HAMMINGDISTANCE_OWN = 2.98462285726699,
	WEIGHT_HAMMINGDISTANCE_OPPONENT = -2.52216947536941,

	WEIGHT_FORK_HAMMINGDISTANCE_S = -0.450566766973444,
	WEIGHT_FORK_HAMMINGDISTANCE_L = -1.37492137460239,

	WEIGHT_WALL_DISTANCE = -1.93136421355144,
	WEIGHT_NEIGHBORS = -1.14784112770546,
	WEIGHT_NEIGHBOR_FREE = -0.439492321269706,
	WEIGHT_NEIGHBOR_OWNED = -2.22308546659299,
	WEIGHT_NEIGHBOR_TAKEN = -2.51181153754309
};
