File info:
Boardsize: 7 x 6
Particles: 30
Iterations: 5
Games Played Per Iteration: 900
Games Played: 4500
Games Played Per Minute: 16981,2984708366
MAX_SCORE: 2475
Cores: 14
Start Time: 19.09.2023 15:32:16
End Time: 19.09.2023 15:32:32
Total Time: 00:00:15.8998442
Boardsize: 7 x 6
Engine Depth: 2

Win Values:
VALUE_WIN_YELLOW: 2,5
VALUE_DRAW_YELLOW: 0,5
VALUE_LOSS_YELLOW: -3
VALUE_WIN_RED: 3
VALUE_DRAW_RED: 0,6
VALUE_LOSS_RED: -1,8


Best Global Particle:

Best Global Particle Score Internally: 736,125
{
	NAME = "Particle-GLOBAL-BEST",

	WEIGHT_SCORE_OWN = 6.917314101089,
	WEIGHT_SCORE_OPPONENT = 2.02359812543175,
	WEIGHT_HAMMINGDISTANCE_OWN = 6.31517571253653,
	WEIGHT_HAMMINGDISTANCE_OPPONENT = -3.128591723127,

	WEIGHT_FORK_HAMMINGDISTANCE_S = -1.64513589356894,
	WEIGHT_FORK_HAMMINGDISTANCE_L = 4.80344065595689,

	WEIGHT_WALL_DISTANCE = 2.98512956355124,
	WEIGHT_NEIGHBORS = -5.44902783585517,
	WEIGHT_NEIGHBOR_FREE = 2.51271887836469,
	WEIGHT_NEIGHBOR_OWNED = -5.62457994922896,
	WEIGHT_NEIGHBOR_TAKEN = -4.02636489366719
};
