File info:
Boardsize: 7 x 6
Particles: 30
Iterations: 47
Games Played Per Iteration: 900
Games Played: 42300
Games Played Per Minute: 15645,2821349049
MAX_SCORE: 2475
Cores: 14
Start Time: 19.09.2023 16:11:15
End Time: 19.09.2023 16:13:57
Total Time: 00:02:42.2214274
Boardsize: 7 x 6
Engine Depth: 2

Win Values:
VALUE_WIN_YELLOW: 2,5
VALUE_DRAW_YELLOW: 0,5
VALUE_LOSS_YELLOW: -3
VALUE_WIN_RED: 3
VALUE_DRAW_RED: 0,6
VALUE_LOSS_RED: -1,8


Best Global Particle:

Best Global Particle Score Internally: 512,525
{
	NAME = "Particle-GLOBAL-BEST",

	WEIGHT_SCORE_OWN = -1.21822819351641,
	WEIGHT_SCORE_OPPONENT = 2.81754757100612,
	WEIGHT_HAMMINGDISTANCE_OWN = 2.25264559964517,
	WEIGHT_HAMMINGDISTANCE_OPPONENT = 2.89723682249431,

	WEIGHT_FORK_HAMMINGDISTANCE_S = 2.19027664129711,
	WEIGHT_FORK_HAMMINGDISTANCE_L = -1.23885023574042,

	WEIGHT_WALL_DISTANCE = 3.2128534600698,
	WEIGHT_NEIGHBORS = 2.71824938551547,
	WEIGHT_NEIGHBOR_FREE = -2.34398615167448,
	WEIGHT_NEIGHBOR_OWNED = 3.30068002118159,
	WEIGHT_NEIGHBOR_TAKEN = -2.20848721271814
};
