File info:
Boardsize: 7 x 6
Particles: 30
Iterations: 3
Games Played Per Iteration: 900
Games Played: 2700
Games Played Per Minute: 19411,9315892855
MAX_SCORE: 2475
Cores: 14
Start Time: 19.09.2023 16:04:18
End Time: 19.09.2023 16:04:27
Total Time: 00:00:08.3453828
Boardsize: 7 x 6
Engine Depth: 2

Win Values:
VALUE_WIN_YELLOW: 2,5
VALUE_DRAW_YELLOW: 0,5
VALUE_LOSS_YELLOW: -3
VALUE_WIN_RED: 3
VALUE_DRAW_RED: 0,6
VALUE_LOSS_RED: -1,8


Best Global Particle:

Best Global Particle Score Internally: 450,125
{
	NAME = "Particle-GLOBAL-BEST",

	WEIGHT_SCORE_OWN = 1.88706432041607,
	WEIGHT_SCORE_OPPONENT = -0.578865714899561,
	WEIGHT_HAMMINGDISTANCE_OWN = -1.49536444857447,
	WEIGHT_HAMMINGDISTANCE_OPPONENT = 1.891185246105,

	WEIGHT_FORK_HAMMINGDISTANCE_S = -0.179872997744772,
	WEIGHT_FORK_HAMMINGDISTANCE_L = -0.15276894436947,

	WEIGHT_WALL_DISTANCE = 1.72425339906505,
	WEIGHT_NEIGHBORS = 7.04486691353765,
	WEIGHT_NEIGHBOR_FREE = -0.804063070871136,
	WEIGHT_NEIGHBOR_OWNED = -0.722982636021582,
	WEIGHT_NEIGHBOR_TAKEN = 3.92057632653358
};
