File info:
Boardsize: 7 x 6
Particles: 30
Iterations: 52
Games Played Per Iteration: 900
Games Played: 46800
Games Played Per Minute: 53399,0904845553
MAX_SCORE: 2475
Cores: 14
Start Time: 19.09.2023 15:34:07
End Time: 19.09.2023 15:34:59
Total Time: 00:00:52.5851653
Boardsize: 7 x 6
Engine Depth: 2

Win Values:
VALUE_WIN_YELLOW: 2,5
VALUE_DRAW_YELLOW: 0,5
VALUE_LOSS_YELLOW: -3
VALUE_WIN_RED: 3
VALUE_DRAW_RED: 0,6
VALUE_LOSS_RED: -1,8


Best Global Particle:

Best Global Particle Score Internally: 432,25
{
	NAME = "Particle-GLOBAL-BEST",

	WEIGHT_SCORE_OWN = 4.28001001896531,
	WEIGHT_SCORE_OPPONENT = 1.65193011253988,
	WEIGHT_HAMMINGDISTANCE_OWN = -2.27051214403477,
	WEIGHT_HAMMINGDISTANCE_OPPONENT = -2.80904010979324,

	WEIGHT_FORK_HAMMINGDISTANCE_S = -1.49001473336164,
	WEIGHT_FORK_HAMMINGDISTANCE_L = 0.568586904003972,

	WEIGHT_WALL_DISTANCE = -3.02519553408757,
	WEIGHT_NEIGHBORS = -2.08762676639911,
	WEIGHT_NEIGHBOR_FREE = -3.7153931344642,
	WEIGHT_NEIGHBOR_OWNED = -1.92849953941257,
	WEIGHT_NEIGHBOR_TAKEN = -0.254078817116737
};
