File info:
Boardsize: 7 x 6
Particles: 30
Iterations: 45
Games Played Per Iteration: 900
Games Played: 40500
Games Played Per Minute: 35425,8978708394
MAX_SCORE: 2475
Cores: 14
Start Time: 19.09.2023 16:04:18
End Time: 19.09.2023 16:05:27
Total Time: 00:01:08.5938860
Boardsize: 7 x 6
Engine Depth: 2

Win Values:
VALUE_WIN_YELLOW: 2,5
VALUE_DRAW_YELLOW: 0,5
VALUE_LOSS_YELLOW: -3
VALUE_WIN_RED: 3
VALUE_DRAW_RED: 0,6
VALUE_LOSS_RED: -1,8


Best Global Particle:

Best Global Particle Score Internally: 450,125
{
	NAME = "Particle-GLOBAL-BEST",

	WEIGHT_SCORE_OWN = 2.81860646351328,
	WEIGHT_SCORE_OPPONENT = -1.21090233713826,
	WEIGHT_HAMMINGDISTANCE_OWN = -1.21827317667764,
	WEIGHT_HAMMINGDISTANCE_OPPONENT = 2.53362615494368,

	WEIGHT_FORK_HAMMINGDISTANCE_S = -0.204544849492653,
	WEIGHT_FORK_HAMMINGDISTANCE_L = -0.366700263233991,

	WEIGHT_WALL_DISTANCE = -0.610981424301747,
	WEIGHT_NEIGHBORS = 3.17929020186542,
	WEIGHT_NEIGHBOR_FREE = -2.28119046271982,
	WEIGHT_NEIGHBOR_OWNED = -1.92480395942304,
	WEIGHT_NEIGHBOR_TAKEN = 2.33062001471577
};
