File info:
Boardsize: 7 x 6
Particles: 30
Iterations: 9
Games Played Per Iteration: 900
Games Played: 8100
Games Played Per Minute: 15630,0695213914
MAX_SCORE: 2475
Cores: 14
Start Time: 19.09.2023 15:32:16
End Time: 19.09.2023 15:32:47
Total Time: 00:00:31.0939116
Boardsize: 7 x 6
Engine Depth: 2

Win Values:
VALUE_WIN_YELLOW: 2,5
VALUE_DRAW_YELLOW: 0,5
VALUE_LOSS_YELLOW: -3
VALUE_WIN_RED: 3
VALUE_DRAW_RED: 0,6
VALUE_LOSS_RED: -1,8


Best Global Particle:

Best Global Particle Score Internally: 1005,875
{
	NAME = "Particle-GLOBAL-BEST",

	WEIGHT_SCORE_OWN = 9.88913758813055,
	WEIGHT_SCORE_OPPONENT = 2.39556943487024,
	WEIGHT_HAMMINGDISTANCE_OWN = 10.9955365993416,
	WEIGHT_HAMMINGDISTANCE_OPPONENT = -4.97361657152499,

	WEIGHT_FORK_HAMMINGDISTANCE_S = -7.30751433789408,
	WEIGHT_FORK_HAMMINGDISTANCE_L = 6.100925499187,

	WEIGHT_WALL_DISTANCE = -2.55919136603438,
	WEIGHT_NEIGHBORS = -8.04141326895421,
	WEIGHT_NEIGHBOR_FREE = 0.762824997921472,
	WEIGHT_NEIGHBOR_OWNED = -10.7719805662812,
	WEIGHT_NEIGHBOR_TAKEN = -6.06244935106491
};
