File info:
Boardsize: 7 x 6
Particles: 30
Iterations: 58
Games Played Per Iteration: 900
Games Played: 52200
Games Played Per Minute: 50706,2475274431
MAX_SCORE: 2475
Cores: 14
Start Time: 19.09.2023 15:34:07
End Time: 19.09.2023 15:35:08
Total Time: 00:01:01.7675366
Boardsize: 7 x 6
Engine Depth: 2

Win Values:
VALUE_WIN_YELLOW: 2,5
VALUE_DRAW_YELLOW: 0,5
VALUE_LOSS_YELLOW: -3
VALUE_WIN_RED: 3
VALUE_DRAW_RED: 0,6
VALUE_LOSS_RED: -1,8


Best Global Particle:

Best Global Particle Score Internally: 432,25
{
	NAME = "Particle-GLOBAL-BEST",

	WEIGHT_SCORE_OWN = 3.36509883381242,
	WEIGHT_SCORE_OPPONENT = 1.65188694653393,
	WEIGHT_HAMMINGDISTANCE_OWN = -1.60934532692232,
	WEIGHT_HAMMINGDISTANCE_OPPONENT = -2.4323966490433,

	WEIGHT_FORK_HAMMINGDISTANCE_S = -1.30969811291642,
	WEIGHT_FORK_HAMMINGDISTANCE_L = 0.565126754903633,

	WEIGHT_WALL_DISTANCE = -2.26732054749674,
	WEIGHT_NEIGHBORS = -2.03338302266293,
	WEIGHT_NEIGHBOR_FREE = -2.84556844185505,
	WEIGHT_NEIGHBOR_OWNED = -1.91005125885339,
	WEIGHT_NEIGHBOR_TAKEN = -0.24968986106798
};
