File info:
Boardsize: 7 x 6
Particles: 30
Iterations: 74
Games Played Per Iteration: 900
Games Played: 66600
Games Played Per Minute: 13609,5833304647
MAX_SCORE: 2475
Cores: 14
Start Time: 19.09.2023 16:11:15
End Time: 19.09.2023 16:16:08
Total Time: 00:04:53.6166305
Boardsize: 7 x 6
Engine Depth: 2

Win Values:
VALUE_WIN_YELLOW: 2,5
VALUE_DRAW_YELLOW: 0,5
VALUE_LOSS_YELLOW: -3
VALUE_WIN_RED: 3
VALUE_DRAW_RED: 0,6
VALUE_LOSS_RED: -1,8


Best Global Particle:

Best Global Particle Score Internally: 512,525
{
	NAME = "Particle-GLOBAL-BEST",

	WEIGHT_SCORE_OWN = -1.20022680947258,
	WEIGHT_SCORE_OPPONENT = 2.80021855538947,
	WEIGHT_HAMMINGDISTANCE_OWN = 2.2525841244961,
	WEIGHT_HAMMINGDISTANCE_OPPONENT = 2.80121128411087,

	WEIGHT_FORK_HAMMINGDISTANCE_S = 2.19035292974271,
	WEIGHT_FORK_HAMMINGDISTANCE_L = -1.20048427437149,

	WEIGHT_WALL_DISTANCE = 3.20015975119614,
	WEIGHT_NEIGHBORS = 2.71818614166462,
	WEIGHT_NEIGHBOR_FREE = -2.30054757706314,
	WEIGHT_NEIGHBOR_OWNED = 3.30000798750479,
	WEIGHT_NEIGHBOR_TAKEN = -2.20010563178241
};
