File info:
Boardsize: 7 x 6
Particles: 30
Iterations: 53
Games Played Per Iteration: 900
Games Played: 47700
Games Played Per Minute: 52714,6033327955
MAX_SCORE: 2475
Cores: 14
Start Time: 19.09.2023 15:34:07
End Time: 19.09.2023 15:35:01
Total Time: 00:00:54.2923558
Boardsize: 7 x 6
Engine Depth: 2

Win Values:
VALUE_WIN_YELLOW: 2,5
VALUE_DRAW_YELLOW: 0,5
VALUE_LOSS_YELLOW: -3
VALUE_WIN_RED: 3
VALUE_DRAW_RED: 0,6
VALUE_LOSS_RED: -1,8


Best Global Particle:

Best Global Particle Score Internally: 432,25
{
	NAME = "Particle-GLOBAL-BEST",

	WEIGHT_SCORE_OWN = 4.06359574390031,
	WEIGHT_SCORE_OPPONENT = 1.65191146325419,
	WEIGHT_HAMMINGDISTANCE_OWN = -2.11446262145744,
	WEIGHT_HAMMINGDISTANCE_OPPONENT = -2.71986399749987,

	WEIGHT_FORK_HAMMINGDISTANCE_S = -1.44677047584513,
	WEIGHT_FORK_HAMMINGDISTANCE_L = 0.567091993652843,

	WEIGHT_WALL_DISTANCE = -2.84564971127148,
	WEIGHT_NEIGHBORS = -2.0747531761674,
	WEIGHT_NEIGHBOR_FREE = -3.51258260854457,
	WEIGHT_NEIGHBOR_OWNED = -1.92366107619446,
	WEIGHT_NEIGHBOR_TAKEN = -0.252182628357908
};
