File info:
Boardsize: 7 x 6
Particles: 30
Iterations: 51
Games Played Per Iteration: 900
Games Played: 45900
Games Played Per Minute: 53953,7744161228
MAX_SCORE: 2475
Cores: 14
Start Time: 19.09.2023 15:34:07
End Time: 19.09.2023 15:34:58
Total Time: 00:00:51.0436949
Boardsize: 7 x 6
Engine Depth: 2

Win Values:
VALUE_WIN_YELLOW: 2,5
VALUE_DRAW_YELLOW: 0,5
VALUE_LOSS_YELLOW: -3
VALUE_WIN_RED: 3
VALUE_DRAW_RED: 0,6
VALUE_LOSS_RED: -1,8


Best Global Particle:

Best Global Particle Score Internally: 432,25
{
	NAME = "Particle-GLOBAL-BEST",

	WEIGHT_SCORE_OWN = 4.53091761830514,
	WEIGHT_SCORE_OPPONENT = 1.65195925204876,
	WEIGHT_HAMMINGDISTANCE_OWN = -2.45110381094553,
	WEIGHT_HAMMINGDISTANCE_OPPONENT = -2.91251059943393,

	WEIGHT_FORK_HAMMINGDISTANCE_S = -1.54071962658772,
	WEIGHT_FORK_HAMMINGDISTANCE_L = 0.57092270142761,

	WEIGHT_WALL_DISTANCE = -3.23362432815993,
	WEIGHT_NEIGHBORS = -2.10259320913101,
	WEIGHT_NEIGHBOR_FREE = -3.94770801802773,
	WEIGHT_NEIGHBOR_OWNED = -1.93456477487181,
	WEIGHT_NEIGHBOR_TAKEN = -0.257041612052407
};
