File info:
Boardsize: 7 x 6
Particles: 30
Iterations: 17
Games Played Per Iteration: 900
Games Played: 15300
Games Played Per Minute: 66,8368364845021
MAX_SCORE: 2475
Cores: 14
Start Time: 18.09.2023 14:00:02
End Time: 18.09.2023 17:48:57
Total Time: 03:48:54.9409141
Boardsize: 7 x 6
Engine Depth: 6

Win Values:
VALUE_WIN_YELLOW: 2,5
VALUE_DRAW_YELLOW: 0,5
VALUE_LOSS_YELLOW: -3
VALUE_WIN_RED: 3
VALUE_DRAW_RED: 0,6
VALUE_LOSS_RED: -1,8


Best Global Particle:

Best Global Particle Score Internally: 49,4946153846154
{
	NAME = "Particle-GLOBAL-BEST",

	WEIGHT_SCORE_OWN = 0.342344822517169,
	WEIGHT_SCORE_OPPONENT = -1.27716908263154,
	WEIGHT_HAMMINGDISTANCE_OWN = 4.37384794068456,
	WEIGHT_HAMMINGDISTANCE_OPPONENT = -2.32845437870592,

	WEIGHT_FORK_HAMMINGDISTANCE_S = 0.397984244958429,
	WEIGHT_FORK_HAMMINGDISTANCE_L = -3.70866154386617,

	WEIGHT_WALL_DISTANCE = -1.59996708407665,
	WEIGHT_NEIGHBORS = -0.508809763773634,
	WEIGHT_NEIGHBOR_FREE = -0.438225738164375,
	WEIGHT_NEIGHBOR_OWNED = -0.789080673545837,
	WEIGHT_NEIGHBOR_TAKEN = -1.27449193523231
};
