File info:
Boardsize: 7 x 6
Particles: 30
Iterations: 64
Games Played Per Iteration: 900
Games Played: 57600
Games Played Per Minute: 14186,6664777738
MAX_SCORE: 2475
Cores: 14
Start Time: 19.09.2023 16:11:15
End Time: 19.09.2023 16:15:18
Total Time: 00:04:03.6090258
Boardsize: 7 x 6
Engine Depth: 2

Win Values:
VALUE_WIN_YELLOW: 2,5
VALUE_DRAW_YELLOW: 0,5
VALUE_LOSS_YELLOW: -3
VALUE_WIN_RED: 3
VALUE_DRAW_RED: 0,6
VALUE_LOSS_RED: -1,8


Best Global Particle:

Best Global Particle Score Internally: 512,525
{
	NAME = "Particle-GLOBAL-BEST",

	WEIGHT_SCORE_OWN = -1.20115205152302,
	WEIGHT_SCORE_OPPONENT = 2.80111012584515,
	WEIGHT_HAMMINGDISTANCE_OWN = 2.25258412472136,
	WEIGHT_HAMMINGDISTANCE_OPPONENT = 2.8061525720781,

	WEIGHT_FORK_HAMMINGDISTANCE_S = 2.19035292946316,
	WEIGHT_FORK_HAMMINGDISTANCE_L = -1.20245981339685,

	WEIGHT_WALL_DISTANCE = 3.20081143709196,
	WEIGHT_NEIGHBORS = 2.71818614189637,
	WEIGHT_NEIGHBOR_FREE = -2.30278135197635,
	WEIGHT_NEIGHBOR_OWNED = 3.30004057168846,
	WEIGHT_NEIGHBOR_TAKEN = -2.20053654396758
};
