File info:
Boardsize: 7 x 6
Particles: 30
Iterations: 11
Games Played Per Iteration: 900
Games Played: 9900
Games Played Per Minute: 19833,4877863412
MAX_SCORE: 2475
Cores: 14
Start Time: 19.09.2023 16:11:15
End Time: 19.09.2023 16:11:45
Total Time: 00:00:29.9493466
Boardsize: 7 x 6
Engine Depth: 2

Win Values:
VALUE_WIN_YELLOW: 2,5
VALUE_DRAW_YELLOW: 0,5
VALUE_LOSS_YELLOW: -3
VALUE_WIN_RED: 3
VALUE_DRAW_RED: 0,6
VALUE_LOSS_RED: -1,8


Best Global Particle:

Best Global Particle Score Internally: 463,45
{
	NAME = "Particle-GLOBAL-BEST",

	WEIGHT_SCORE_OWN = -4.04135858192981,
	WEIGHT_SCORE_OPPONENT = 3.29440492756723,
	WEIGHT_HAMMINGDISTANCE_OWN = 5.99133270363647,
	WEIGHT_HAMMINGDISTANCE_OPPONENT = 4.88938065750243,

	WEIGHT_FORK_HAMMINGDISTANCE_S = -1.73895529831235,
	WEIGHT_FORK_HAMMINGDISTANCE_L = -0.307275243215576,

	WEIGHT_WALL_DISTANCE = 6.30570312539554,
	WEIGHT_NEIGHBORS = 8.23493669324821,
	WEIGHT_NEIGHBOR_FREE = -6.36011100743104,
	WEIGHT_NEIGHBOR_OWNED = 7.06294895078466,
	WEIGHT_NEIGHBOR_TAKEN = -2.17223383396749
};
