File info:
Boardsize: 7 x 6
Particles: 30
Iterations: 18
Games Played Per Iteration: 900
Games Played: 16200
Games Played Per Minute: 66,5298600783337
MAX_SCORE: 2475
Cores: 14
Start Time: 18.09.2023 14:00:02
End Time: 18.09.2023 18:03:32
Total Time: 04:03:29.9811251
Boardsize: 7 x 6
Engine Depth: 6

Win Values:
VALUE_WIN_YELLOW: 2,5
VALUE_DRAW_YELLOW: 0,5
VALUE_LOSS_YELLOW: -3
VALUE_WIN_RED: 3
VALUE_DRAW_RED: 0,6
VALUE_LOSS_RED: -1,8


Best Global Particle:

Best Global Particle Score Internally: 49,4946153846154
{
	NAME = "Particle-GLOBAL-BEST",

	WEIGHT_SCORE_OWN = 0.375560030047416,
	WEIGHT_SCORE_OPPONENT = -1.31178644160891,
	WEIGHT_HAMMINGDISTANCE_OWN = 4.29290232086472,
	WEIGHT_HAMMINGDISTANCE_OPPONENT = -2.37499184677854,

	WEIGHT_FORK_HAMMINGDISTANCE_S = 0.441894238734362,
	WEIGHT_FORK_HAMMINGDISTANCE_L = -3.57476267235489,

	WEIGHT_WALL_DISTANCE = -1.6806391911159,
	WEIGHT_NEIGHBORS = -0.501103387078219,
	WEIGHT_NEIGHBOR_FREE = -0.406622494941488,
	WEIGHT_NEIGHBOR_OWNED = -0.772974035361821,
	WEIGHT_NEIGHBOR_TAKEN = -1.17419416129299
};
