File info:
Boardsize: 7 x 6
Particles: 30
Iterations: 79
Games Played Per Iteration: 900
Games Played: 71100
Games Played Per Minute: 41043,6282858347
MAX_SCORE: 2475
Cores: 14
Start Time: 19.09.2023 16:04:18
End Time: 19.09.2023 16:06:02
Total Time: 00:01:43.9381794
Boardsize: 7 x 6
Engine Depth: 2

Win Values:
VALUE_WIN_YELLOW: 2,5
VALUE_DRAW_YELLOW: 0,5
VALUE_LOSS_YELLOW: -3
VALUE_WIN_RED: 3
VALUE_DRAW_RED: 0,6
VALUE_LOSS_RED: -1,8


Best Global Particle:

Best Global Particle Score Internally: 450,125
{
	NAME = "Particle-GLOBAL-BEST",

	WEIGHT_SCORE_OWN = 2.80007434051517,
	WEIGHT_SCORE_OPPONENT = -1.20004356059919,
	WEIGHT_HAMMINGDISTANCE_OWN = -1.20007299397494,
	WEIGHT_HAMMINGDISTANCE_OPPONENT = 2.53363120711703,

	WEIGHT_FORK_HAMMINGDISTANCE_S = -0.204545043512788,
	WEIGHT_FORK_HAMMINGDISTANCE_L = -0.36670194559589,

	WEIGHT_WALL_DISTANCE = -0.610999788653977,
	WEIGHT_NEIGHBORS = 3.10031669916788,
	WEIGHT_NEIGHBOR_FREE = -2.28120207889111,
	WEIGHT_NEIGHBOR_OWNED = -1.9000991015061,
	WEIGHT_NEIGHBOR_TAKEN = 2.30012230057229
};
