File info:
Boardsize: 7 x 6
Particles: 30
Iterations: 12
Games Played Per Iteration: 900
Games Played: 10800
Games Played Per Minute: 77,3437172924027
MAX_SCORE: 2475
Cores: 14
Start Time: 17.09.2023 23:14:59
End Time: 18.09.2023 01:34:37
Total Time: 02:19:38.1853612
Boardsize: 7 x 6
Engine Depth: 6

Win Values:
VALUE_WIN_YELLOW: 2,5
VALUE_DRAW_YELLOW: 0,5
VALUE_LOSS_YELLOW: -3
VALUE_WIN_RED: 3
VALUE_DRAW_RED: 0,6
VALUE_LOSS_RED: -1,8


Best Global Particle:

Best Global Particle Score Internally: 49,5512307692308
{
	NAME = "Particle-GLOBAL-BEST",

	WEIGHT_SCORE_OWN = 4.56624545117241,
	WEIGHT_SCORE_OPPONENT = 0.213141602835672,
	WEIGHT_HAMMINGDISTANCE_OWN = -3.49788240632881,
	WEIGHT_HAMMINGDISTANCE_OPPONENT = 1.72019803922004,

	WEIGHT_FORK_HAMMINGDISTANCE_S = -0.421965502990781,
	WEIGHT_FORK_HAMMINGDISTANCE_L = -1.46847153356025,

	WEIGHT_WALL_DISTANCE = 1.40845476471935,
	WEIGHT_NEIGHBORS = -0.652842716307286,
	WEIGHT_NEIGHBOR_FREE = 1.49559353761415,
	WEIGHT_NEIGHBOR_OWNED = 3.27397338099405,
	WEIGHT_NEIGHBOR_TAKEN = 0.580903125903138
};
