File info:
Boardsize: 7 x 6
Particles: 30
Iterations: 30
Games Played Per Iteration: 900
Games Played: 27000
Games Played Per Minute: 33661,5472717212
MAX_SCORE: 2475
Cores: 14
Start Time: 19.09.2023 16:04:18
End Time: 19.09.2023 16:05:06
Total Time: 00:00:48.1261300
Boardsize: 7 x 6
Engine Depth: 2

Win Values:
VALUE_WIN_YELLOW: 2,5
VALUE_DRAW_YELLOW: 0,5
VALUE_LOSS_YELLOW: -3
VALUE_WIN_RED: 3
VALUE_DRAW_RED: 0,6
VALUE_LOSS_RED: -1,8


Best Global Particle:

Best Global Particle Score Internally: 450,125
{
	NAME = "Particle-GLOBAL-BEST",

	WEIGHT_SCORE_OWN = 2.98307107270415,
	WEIGHT_SCORE_OPPONENT = -1.30710268452596,
	WEIGHT_HAMMINGDISTANCE_OWN = -1.38177391949628,
	WEIGHT_HAMMINGDISTANCE_OPPONENT = 2.53128708611161,

	WEIGHT_FORK_HAMMINGDISTANCE_S = -0.204455021527686,
	WEIGHT_FORK_HAMMINGDISTANCE_L = -0.365921358788034,

	WEIGHT_WALL_DISTANCE = -0.60247904701576,
	WEIGHT_NEIGHBORS = 3.89315944472007,
	WEIGHT_NEIGHBOR_FREE = -2.2758123764309,
	WEIGHT_NEIGHBOR_OWNED = -2.14412434764972,
	WEIGHT_NEIGHBOR_TAKEN = 2.60646058085255
};
