File info:
Boardsize: 7 x 6
Particles: 30
Iterations: 48
Games Played Per Iteration: 900
Games Played: 43200
Games Played Per Minute: 72,382683947773
MAX_SCORE: 2475
Cores: 14
Start Time: 18.09.2023 14:00:02
End Time: 18.09.2023 23:56:52
Total Time: 09:56:49.6696424
Boardsize: 7 x 6
Engine Depth: 6

Win Values:
VALUE_WIN_YELLOW: 2,5
VALUE_DRAW_YELLOW: 0,5
VALUE_LOSS_YELLOW: -3
VALUE_WIN_RED: 3
VALUE_DRAW_RED: 0,6
VALUE_LOSS_RED: -1,8


Best Global Particle:

Best Global Particle Score Internally: 49,5469230769231
{
	NAME = "Particle-GLOBAL-BEST",

	WEIGHT_SCORE_OWN = -1.24171983974615,
	WEIGHT_SCORE_OPPONENT = 1.1640094293398,
	WEIGHT_HAMMINGDISTANCE_OWN = 2.82900615294707,
	WEIGHT_HAMMINGDISTANCE_OPPONENT = -2.22960001243351,

	WEIGHT_FORK_HAMMINGDISTANCE_S = 0.0368193564171659,
	WEIGHT_FORK_HAMMINGDISTANCE_L = -1.21000608500824,

	WEIGHT_WALL_DISTANCE = -1.8037665060245,
	WEIGHT_NEIGHBORS = -0.92796483135642,
	WEIGHT_NEIGHBOR_FREE = 0.149319829700265,
	WEIGHT_NEIGHBOR_OWNED = -1.97241659776569,
	WEIGHT_NEIGHBOR_TAKEN = -2.24104872207118
};
