File info:
Boardsize: 7 x 6
Particles: 30
Iterations: 26
Games Played Per Iteration: 900
Games Played: 23400
Games Played Per Minute: 87,9571900801663
MAX_SCORE: 2475
Cores: 14
Start Time: 17.09.2023 23:14:59
End Time: 18.09.2023 03:41:01
Total Time: 04:26:02.3107414
Boardsize: 7 x 6
Engine Depth: 6

Win Values:
VALUE_WIN_YELLOW: 2,5
VALUE_DRAW_YELLOW: 0,5
VALUE_LOSS_YELLOW: -3
VALUE_WIN_RED: 3
VALUE_DRAW_RED: 0,6
VALUE_LOSS_RED: -1,8


Best Global Particle:

Best Global Particle Score Internally: 49,6570769230769
{
	NAME = "Particle-GLOBAL-BEST",

	WEIGHT_SCORE_OWN = 2.4791893069793,
	WEIGHT_SCORE_OPPONENT = -0.351773552658679,
	WEIGHT_HAMMINGDISTANCE_OWN = -0.0310041298102209,
	WEIGHT_HAMMINGDISTANCE_OPPONENT = 1.84186380819734,

	WEIGHT_FORK_HAMMINGDISTANCE_S = 0.0675621980430022,
	WEIGHT_FORK_HAMMINGDISTANCE_L = -0.947580800469618,

	WEIGHT_WALL_DISTANCE = 1.20696332442,
	WEIGHT_NEIGHBORS = 0.207273600693693,
	WEIGHT_NEIGHBOR_FREE = 1.77125508243085,
	WEIGHT_NEIGHBOR_OWNED = 2.56091785830117,
	WEIGHT_NEIGHBOR_TAKEN = 0.378994188548986
};
