File info:
Boardsize: 7 x 6
Particles: 30
Iterations: 36
Games Played Per Iteration: 900
Games Played: 32400
Games Played Per Minute: 94703,8457531573
MAX_SCORE: 2475
Cores: 14
Start Time: 19.09.2023 15:34:07
End Time: 19.09.2023 15:34:27
Total Time: 00:00:20.5271495
Boardsize: 7 x 6
Engine Depth: 2

Win Values:
VALUE_WIN_YELLOW: 2,5
VALUE_DRAW_YELLOW: 0,5
VALUE_LOSS_YELLOW: -3
VALUE_WIN_RED: 3
VALUE_DRAW_RED: 0,6
VALUE_LOSS_RED: -1,8


Best Global Particle:

Best Global Particle Score Internally: 354,575
{
	NAME = "Particle-GLOBAL-BEST",

	WEIGHT_SCORE_OWN = -0.0360557528270995,
	WEIGHT_SCORE_OPPONENT = 2.51683857582288,
	WEIGHT_HAMMINGDISTANCE_OWN = 0.544089367652367,
	WEIGHT_HAMMINGDISTANCE_OPPONENT = -1.73052089751079,

	WEIGHT_FORK_HAMMINGDISTANCE_S = -4.17732655895233,
	WEIGHT_FORK_HAMMINGDISTANCE_L = 2.768150568984,

	WEIGHT_WALL_DISTANCE = -1.57830086040902,
	WEIGHT_NEIGHBORS = -2.67394220232441,
	WEIGHT_NEIGHBOR_FREE = 0.426479297967605,
	WEIGHT_NEIGHBOR_OWNED = -3.38611023620563,
	WEIGHT_NEIGHBOR_TAKEN = -3.85026858966423
};
