File info:
Boardsize: 7 x 6
Particles: 30
Iterations: 47
Games Played Per Iteration: 900
Games Played: 42300
Games Played Per Minute: 72,1701091084664
MAX_SCORE: 2475
Cores: 14
Start Time: 18.09.2023 14:00:02
End Time: 18.09.2023 23:46:09
Total Time: 09:46:06.9137175
Boardsize: 7 x 6
Engine Depth: 6

Win Values:
VALUE_WIN_YELLOW: 2,5
VALUE_DRAW_YELLOW: 0,5
VALUE_LOSS_YELLOW: -3
VALUE_WIN_RED: 3
VALUE_DRAW_RED: 0,6
VALUE_LOSS_RED: -1,8


Best Global Particle:

Best Global Particle Score Internally: 49,5469230769231
{
	NAME = "Particle-GLOBAL-BEST",

	WEIGHT_SCORE_OWN = -1.25065564740185,
	WEIGHT_SCORE_OPPONENT = 1.1054934230652,
	WEIGHT_HAMMINGDISTANCE_OWN = 2.83314453399137,
	WEIGHT_HAMMINGDISTANCE_OPPONENT = -2.23462551304517,

	WEIGHT_FORK_HAMMINGDISTANCE_S = 0.00827506393327637,
	WEIGHT_FORK_HAMMINGDISTANCE_L = -1.21206230932718,

	WEIGHT_WALL_DISTANCE = -1.80456075036086,
	WEIGHT_NEIGHBORS = -0.946545491554927,
	WEIGHT_NEIGHBOR_FREE = 0.077190156766606,
	WEIGHT_NEIGHBOR_OWNED = -1.98271636771438,
	WEIGHT_NEIGHBOR_TAKEN = -2.24785607201576
};
