File info:
Boardsize: 7 x 6
Particles: 30
Iterations: 14
Games Played Per Iteration: 900
Games Played: 12600
Games Played Per Minute: 68,1801956530358
MAX_SCORE: 2475
Cores: 14
Start Time: 18.09.2023 14:00:02
End Time: 18.09.2023 17:04:50
Total Time: 03:04:48.2638684
Boardsize: 7 x 6
Engine Depth: 6

Win Values:
VALUE_WIN_YELLOW: 2,5
VALUE_DRAW_YELLOW: 0,5
VALUE_LOSS_YELLOW: -3
VALUE_WIN_RED: 3
VALUE_DRAW_RED: 0,6
VALUE_LOSS_RED: -1,8


Best Global Particle:

Best Global Particle Score Internally: 49,4946153846154
{
	NAME = "Particle-GLOBAL-BEST",

	WEIGHT_SCORE_OWN = 0.192199033772831,
	WEIGHT_SCORE_OPPONENT = -1.04945513048701,
	WEIGHT_HAMMINGDISTANCE_OWN = 4.40435741857469,
	WEIGHT_HAMMINGDISTANCE_OPPONENT = -2.01116896342971,

	WEIGHT_FORK_HAMMINGDISTANCE_S = 0.199493820256349,
	WEIGHT_FORK_HAMMINGDISTANCE_L = -3.78740527715231,

	WEIGHT_WALL_DISTANCE = -1.23529746308919,
	WEIGHT_NEIGHBORS = -0.543645614377318,
	WEIGHT_NEIGHBOR_FREE = -0.581084814876703,
	WEIGHT_NEIGHBOR_OWNED = -0.861889006655198,
	WEIGHT_NEIGHBOR_TAKEN = -1.72787728180007
};
