File info:
Boardsize: 7 x 6
Particles: 30
Iterations: 6
Games Played Per Iteration: 900
Games Played: 5400
Games Played Per Minute: 18982,6352711378
MAX_SCORE: 2475
Cores: 14
Start Time: 19.09.2023 16:11:15
End Time: 19.09.2023 16:11:32
Total Time: 00:00:17.0682308
Boardsize: 7 x 6
Engine Depth: 2

Win Values:
VALUE_WIN_YELLOW: 2,5
VALUE_DRAW_YELLOW: 0,5
VALUE_LOSS_YELLOW: -3
VALUE_WIN_RED: 3
VALUE_DRAW_RED: 0,6
VALUE_LOSS_RED: -1,8


Best Global Particle:

Best Global Particle Score Internally: 463,45
{
	NAME = "Particle-GLOBAL-BEST",

	WEIGHT_SCORE_OWN = -4.66276739449511,
	WEIGHT_SCORE_OPPONENT = 2.63213525174208,
	WEIGHT_HAMMINGDISTANCE_OWN = 6.59336443133159,
	WEIGHT_HAMMINGDISTANCE_OPPONENT = 3.62513948074609,

	WEIGHT_FORK_HAMMINGDISTANCE_S = -1.51179018894077,
	WEIGHT_FORK_HAMMINGDISTANCE_L = -0.245445037894765,

	WEIGHT_WALL_DISTANCE = 6.66468138917434,
	WEIGHT_NEIGHBORS = 8.83661041428181,
	WEIGHT_NEIGHBOR_FREE = -6.15381083777052,
	WEIGHT_NEIGHBOR_OWNED = 5.42087352952128,
	WEIGHT_NEIGHBOR_TAKEN = -3.00970020083007
};
