File info:
Boardsize: 7 x 6
Particles: 30
Iterations: 30
Games Played Per Iteration: 900
Games Played: 27000
Games Played Per Minute: 91,7603735545359
MAX_SCORE: 2475
Cores: 14
Start Time: 17.09.2023 23:14:59
End Time: 18.09.2023 04:09:14
Total Time: 04:54:14.6796536
Boardsize: 7 x 6
Engine Depth: 6

Win Values:
VALUE_WIN_YELLOW: 2,5
VALUE_DRAW_YELLOW: 0,5
VALUE_LOSS_YELLOW: -3
VALUE_WIN_RED: 3
VALUE_DRAW_RED: 0,6
VALUE_LOSS_RED: -1,8


Best Global Particle:

Best Global Particle Score Internally: 49,6570769230769
{
	NAME = "Particle-GLOBAL-BEST",

	WEIGHT_SCORE_OWN = 2.34613093828429,
	WEIGHT_SCORE_OPPONENT = -0.1314482268478,
	WEIGHT_HAMMINGDISTANCE_OWN = 0.108885318942886,
	WEIGHT_HAMMINGDISTANCE_OPPONENT = 1.60419759668898,

	WEIGHT_FORK_HAMMINGDISTANCE_S = 0.0961690703164392,
	WEIGHT_FORK_HAMMINGDISTANCE_L = -0.6455901969621,

	WEIGHT_WALL_DISTANCE = 1.20215003865324,
	WEIGHT_NEIGHBORS = 0.33520825762747,
	WEIGHT_NEIGHBOR_FREE = 1.74781167204966,
	WEIGHT_NEIGHBOR_OWNED = 2.44942428553754,
	WEIGHT_NEIGHBOR_TAKEN = 0.345805315980257
};
