File info:
Boardsize: 7 x 6
Particles: 30
Iterations: 44
Games Played Per Iteration: 900
Games Played: 39600
Games Played Per Minute: 15954,2986483029
MAX_SCORE: 2475
Cores: 14
Start Time: 19.09.2023 16:11:15
End Time: 19.09.2023 16:13:44
Total Time: 00:02:28.9253807
Boardsize: 7 x 6
Engine Depth: 2

Win Values:
VALUE_WIN_YELLOW: 2,5
VALUE_DRAW_YELLOW: 0,5
VALUE_LOSS_YELLOW: -3
VALUE_WIN_RED: 3
VALUE_DRAW_RED: 0,6
VALUE_LOSS_RED: -1,8


Best Global Particle:

Best Global Particle Score Internally: 512,525
{
	NAME = "Particle-GLOBAL-BEST",

	WEIGHT_SCORE_OWN = -1.22962156498361,
	WEIGHT_SCORE_OPPONENT = 2.82847481789061,
	WEIGHT_HAMMINGDISTANCE_OWN = 2.25282165198378,
	WEIGHT_HAMMINGDISTANCE_OPPONENT = 2.95775086579453,

	WEIGHT_FORK_HAMMINGDISTANCE_S = 2.19005816668652,
	WEIGHT_FORK_HAMMINGDISTANCE_L = -1.26296845764224,

	WEIGHT_WALL_DISTANCE = 3.22092183021116,
	WEIGHT_NEIGHBORS = 2.71843050305666,
	WEIGHT_NEIGHBOR_FREE = -2.37142871902705,
	WEIGHT_NEIGHBOR_OWNED = 3.30119488223688,
	WEIGHT_NEIGHBOR_TAKEN = -2.21378690883556
};
