File info:
Boardsize: 7 x 6
Particles: 30
Iterations: 82
Games Played Per Iteration: 900
Games Played: 73800
Games Played Per Minute: 41543,1678415771
MAX_SCORE: 2475
Cores: 14
Start Time: 19.09.2023 16:04:18
End Time: 19.09.2023 16:06:05
Total Time: 00:01:46.5879236
Boardsize: 7 x 6
Engine Depth: 2

Win Values:
VALUE_WIN_YELLOW: 2,5
VALUE_DRAW_YELLOW: 0,5
VALUE_LOSS_YELLOW: -3
VALUE_WIN_RED: 3
VALUE_DRAW_RED: 0,6
VALUE_LOSS_RED: -1,8


Best Global Particle:

Best Global Particle Score Internally: 450,125
{
	NAME = "Particle-GLOBAL-BEST",

	WEIGHT_SCORE_OWN = 2.800045654374,
	WEIGHT_SCORE_OPPONENT = -1.200026751656,
	WEIGHT_HAMMINGDISTANCE_OWN = -1.20004482742955,
	WEIGHT_HAMMINGDISTANCE_OPPONENT = 2.53363120711799,

	WEIGHT_FORK_HAMMINGDISTANCE_S = -0.204545043512825,
	WEIGHT_FORK_HAMMINGDISTANCE_L = -0.366701945596209,

	WEIGHT_WALL_DISTANCE = -0.610999788657461,
	WEIGHT_NEIGHBORS = 3.10019449289606,
	WEIGHT_NEIGHBOR_FREE = -2.28120207889332,
	WEIGHT_NEIGHBOR_OWNED = -1.90006086071924,
	WEIGHT_NEIGHBOR_TAKEN = 2.3000751078465
};
