File info:
Boardsize: 7 x 6
Particles: 30
Iterations: 67
Games Played Per Iteration: 900
Games Played: 60300
Games Played Per Minute: 39082,0758916663
MAX_SCORE: 2475
Cores: 14
Start Time: 19.09.2023 16:04:18
End Time: 19.09.2023 16:05:51
Total Time: 00:01:32.5744070
Boardsize: 7 x 6
Engine Depth: 2

Win Values:
VALUE_WIN_YELLOW: 2,5
VALUE_DRAW_YELLOW: 0,5
VALUE_LOSS_YELLOW: -3
VALUE_WIN_RED: 3
VALUE_DRAW_RED: 0,6
VALUE_LOSS_RED: -1,8


Best Global Particle:

Best Global Particle Score Internally: 450,125
{
	NAME = "Particle-GLOBAL-BEST",

	WEIGHT_SCORE_OWN = 2.80052263198323,
	WEIGHT_SCORE_OPPONENT = -1.20030624163774,
	WEIGHT_HAMMINGDISTANCE_OWN = -1.2005131656731,
	WEIGHT_HAMMINGDISTANCE_OPPONENT = 2.53363120684326,

	WEIGHT_FORK_HAMMINGDISTANCE_S = -0.204545043502275,
	WEIGHT_FORK_HAMMINGDISTANCE_L = -0.366701945504726,

	WEIGHT_WALL_DISTANCE = -0.610999787658848,
	WEIGHT_NEIGHBORS = 3.10222647381157,
	WEIGHT_NEIGHBOR_FREE = -2.28120207826165,
	WEIGHT_NEIGHBOR_OWNED = -1.90069670780615,
	WEIGHT_NEIGHBOR_TAKEN = 2.30085980341609
};
