File info:
Boardsize: 7 x 6
Particles: 30
Iterations: 25
Games Played Per Iteration: 900
Games Played: 22500
Games Played Per Minute: 18051,3306676127
MAX_SCORE: 2475
Cores: 14
Start Time: 19.09.2023 16:11:15
End Time: 19.09.2023 16:12:30
Total Time: 00:01:14.7867304
Boardsize: 7 x 6
Engine Depth: 2

Win Values:
VALUE_WIN_YELLOW: 2,5
VALUE_DRAW_YELLOW: 0,5
VALUE_LOSS_YELLOW: -3
VALUE_WIN_RED: 3
VALUE_DRAW_RED: 0,6
VALUE_LOSS_RED: -1,8


Best Global Particle:

Best Global Particle Score Internally: 512,525
{
	NAME = "Particle-GLOBAL-BEST",

	WEIGHT_SCORE_OWN = -1.70791288670517,
	WEIGHT_SCORE_OPPONENT = 3.191930314251,
	WEIGHT_HAMMINGDISTANCE_OWN = 2.47881890097907,
	WEIGHT_HAMMINGDISTANCE_OPPONENT = 4.88267695691658,

	WEIGHT_FORK_HAMMINGDISTANCE_S = 1.90960372136631,
	WEIGHT_FORK_HAMMINGDISTANCE_L = -1.88982217173048,

	WEIGHT_WALL_DISTANCE = 3.6402032592165,
	WEIGHT_NEIGHBORS = 2.95092991987047,
	WEIGHT_NEIGHBOR_FREE = -3.40506925405254,
	WEIGHT_NEIGHBOR_OWNED = 3.53301456681273,
	WEIGHT_NEIGHBOR_TAKEN = -2.42418805100881
};
