File info:
Boardsize: 7 x 6
Particles: 30
Iterations: 39
Games Played Per Iteration: 900
Games Played: 35100
Games Played Per Minute: 97,8921669534672
MAX_SCORE: 2475
Cores: 14
Start Time: 17.09.2023 23:14:59
End Time: 18.09.2023 05:13:33
Total Time: 05:58:33.4679877
Boardsize: 7 x 6
Engine Depth: 6

Win Values:
VALUE_WIN_YELLOW: 2,5
VALUE_DRAW_YELLOW: 0,5
VALUE_LOSS_YELLOW: -3
VALUE_WIN_RED: 3
VALUE_DRAW_RED: 0,6
VALUE_LOSS_RED: -1,8


Best Global Particle:

Best Global Particle Score Internally: 49,6570769230769
{
	NAME = "Particle-GLOBAL-BEST",

	WEIGHT_SCORE_OWN = 2.23388609683032,
	WEIGHT_SCORE_OPPONENT = 0.118838434853826,
	WEIGHT_HAMMINGDISTANCE_OWN = 0.18187776030785,
	WEIGHT_HAMMINGDISTANCE_OPPONENT = 1.30061372120703,

	WEIGHT_FORK_HAMMINGDISTANCE_S = 0.101832156264014,
	WEIGHT_FORK_HAMMINGDISTANCE_L = -0.308805629508684,

	WEIGHT_WALL_DISTANCE = 1.20034776753725,
	WEIGHT_NEIGHBORS = 0.460618786202441,
	WEIGHT_NEIGHBOR_FREE = 1.71214798262902,
	WEIGHT_NEIGHBOR_OWNED = 2.33594697292092,
	WEIGHT_NEIGHBOR_TAKEN = 0.311071602929132
};
