File info:
Boardsize: 7 x 6
Particles: 30
Iterations: 50
Games Played Per Iteration: 900
Games Played: 45000
Games Played Per Minute: 54522,1855781081
MAX_SCORE: 2475
Cores: 14
Start Time: 19.09.2023 15:34:07
End Time: 19.09.2023 15:34:56
Total Time: 00:00:49.5211256
Boardsize: 7 x 6
Engine Depth: 2

Win Values:
VALUE_WIN_YELLOW: 2,5
VALUE_DRAW_YELLOW: 0,5
VALUE_LOSS_YELLOW: -3
VALUE_WIN_RED: 3
VALUE_DRAW_RED: 0,6
VALUE_LOSS_RED: -1,8


Best Global Particle:

Best Global Particle Score Internally: 432,25
{
	NAME = "Particle-GLOBAL-BEST",

	WEIGHT_SCORE_OWN = 4.82032579468631,
	WEIGHT_SCORE_OPPONENT = 1.6520047825314,
	WEIGHT_HAMMINGDISTANCE_OWN = -2.65888333506263,
	WEIGHT_HAMMINGDISTANCE_OPPONENT = -3.03198655030021,

	WEIGHT_FORK_HAMMINGDISTANCE_S = -1.60010571737879,
	WEIGHT_FORK_HAMMINGDISTANCE_L = 0.574572384902044,

	WEIGHT_WALL_DISTANCE = -3.47445719645353,
	WEIGHT_NEIGHBORS = -2.11992116765827,
	WEIGHT_NEIGHBOR_FREE = -4.21119818455353,
	WEIGHT_NEIGHBOR_OWNED = -1.94228304254858,
	WEIGHT_NEIGHBOR_TAKEN = -0.261670979139392
};
