File info:
Boardsize: 7 x 6
Particles: 30
Iterations: 43
Games Played Per Iteration: 900
Games Played: 38700
Games Played Per Minute: 58831,7999043428
MAX_SCORE: 2475
Cores: 14
Start Time: 19.09.2023 15:34:07
End Time: 19.09.2023 15:34:46
Total Time: 00:00:39.4684508
Boardsize: 7 x 6
Engine Depth: 2

Win Values:
VALUE_WIN_YELLOW: 2,5
VALUE_DRAW_YELLOW: 0,5
VALUE_LOSS_YELLOW: -3
VALUE_WIN_RED: 3
VALUE_DRAW_RED: 0,6
VALUE_LOSS_RED: -1,8


Best Global Particle:

Best Global Particle Score Internally: 432,25
{
	NAME = "Particle-GLOBAL-BEST",

	WEIGHT_SCORE_OWN = 7.82785272115261,
	WEIGHT_SCORE_OPPONENT = 1.65475398485254,
	WEIGHT_HAMMINGDISTANCE_OWN = -4.71824536147903,
	WEIGHT_HAMMINGDISTANCE_OPPONENT = -4.29809868959207,

	WEIGHT_FORK_HAMMINGDISTANCE_S = -2.38924738376067,
	WEIGHT_FORK_HAMMINGDISTANCE_L = 0.794946026858228,

	WEIGHT_WALL_DISTANCE = -6.05770715766032,
	WEIGHT_NEIGHBORS = -2.31240224839326,
	WEIGHT_NEIGHBOR_FREE = -6.09539696630273,
	WEIGHT_NEIGHBOR_OWNED = -2.16042358058924,
	WEIGHT_NEIGHBOR_TAKEN = -0.541199462104328
};
