File info:
Boardsize: 7 x 6
Particles: 30
Iterations: 7
Games Played Per Iteration: 900
Games Played: 6300
Games Played Per Minute: 205,706915048004
MAX_SCORE: 2475
Cores: 16
Start Time: 19.09.2023 16:55:59
End Time: 19.09.2023 17:26:37
Total Time: 00:30:37.5658393
Boardsize: 7 x 6
Engine Depth: 6

Win Values:
VALUE_WIN_YELLOW: 2,5
VALUE_DRAW_YELLOW: 0,5
VALUE_LOSS_YELLOW: -3
VALUE_WIN_RED: 3
VALUE_DRAW_RED: 0,6
VALUE_LOSS_RED: -1,8


Best Global Particle:

Best Global Particle Score Internally: 390
{
	NAME = "Particle-GLOBAL-BEST",

	WEIGHT_SCORE_OWN = 1.30688259625898,
	WEIGHT_SCORE_OPPONENT = 0.461352026989385,
	WEIGHT_HAMMINGDISTANCE_OWN = -0.360440998011144,
	WEIGHT_HAMMINGDISTANCE_OPPONENT = 2.91159145340824,

	WEIGHT_FORK_HAMMINGDISTANCE_S = -0.0891199902849009,
	WEIGHT_FORK_HAMMINGDISTANCE_L = -0.109633939011112,

	WEIGHT_WALL_DISTANCE = -0.0655368678201158,
	WEIGHT_NEIGHBORS = -3.47458853008749,
	WEIGHT_NEIGHBOR_FREE = 1.91052508051673,
	WEIGHT_NEIGHBOR_OWNED = -2.54307653013413,
	WEIGHT_NEIGHBOR_TAKEN = -1.63580640273107
};
