File info:
Boardsize: 7 x 6
Particles: 30
Iterations: 23
Games Played Per Iteration: 900
Games Played: 20700
Games Played Per Minute: 18319,4293584485
MAX_SCORE: 2475
Cores: 14
Start Time: 19.09.2023 16:11:15
End Time: 19.09.2023 16:12:23
Total Time: 00:01:07.7968716
Boardsize: 7 x 6
Engine Depth: 2

Win Values:
VALUE_WIN_YELLOW: 2,5
VALUE_DRAW_YELLOW: 0,5
VALUE_LOSS_YELLOW: -3
VALUE_WIN_RED: 3
VALUE_DRAW_RED: 0,6
VALUE_LOSS_RED: -1,8


Best Global Particle:

Best Global Particle Score Internally: 512,525
{
	NAME = "Particle-GLOBAL-BEST",

	WEIGHT_SCORE_OWN = -1.86388583719982,
	WEIGHT_SCORE_OPPONENT = 3.27828532233651,
	WEIGHT_HAMMINGDISTANCE_OWN = 2.5991261948053,
	WEIGHT_HAMMINGDISTANCE_OPPONENT = 5.30258614862578,

	WEIGHT_FORK_HAMMINGDISTANCE_S = 1.76030670333618,
	WEIGHT_FORK_HAMMINGDISTANCE_L = -1.9640270173955,

	WEIGHT_WALL_DISTANCE = 3.80414015423187,
	WEIGHT_NEIGHBORS = 3.0746985753625,
	WEIGHT_NEIGHBOR_FREE = -3.70216605089429,
	WEIGHT_NEIGHBOR_OWNED = 3.67959293435036,
	WEIGHT_NEIGHBOR_TAKEN = -2.48872206104681
};
