File info:
Boardsize: 7 x 6
Particles: 30
Iterations: 6
Games Played Per Iteration: 900
Games Played: 5400
Games Played Per Minute: 96,1009400737249
MAX_SCORE: 2475
Cores: 14
Start Time: 17.09.2023 23:14:59
End Time: 18.09.2023 00:11:11
Total Time: 00:56:11.4550529
Boardsize: 7 x 6
Engine Depth: 6

Win Values:
VALUE_WIN_YELLOW: 2,5
VALUE_DRAW_YELLOW: 0,5
VALUE_LOSS_YELLOW: -3
VALUE_WIN_RED: 3
VALUE_DRAW_RED: 0,6
VALUE_LOSS_RED: -1,8


Best Global Particle:

Best Global Particle Score Internally: 49,5512307692308
{
	NAME = "Particle-GLOBAL-BEST",

	WEIGHT_SCORE_OWN = 4.90187352177435,
	WEIGHT_SCORE_OPPONENT = 0.641633827819099,
	WEIGHT_HAMMINGDISTANCE_OWN = -4.15673836907925,
	WEIGHT_HAMMINGDISTANCE_OPPONENT = 1.5832719039948,

	WEIGHT_FORK_HAMMINGDISTANCE_S = -0.36026681170366,
	WEIGHT_FORK_HAMMINGDISTANCE_L = -1.1668502419157,

	WEIGHT_WALL_DISTANCE = 1.30841899364192,
	WEIGHT_NEIGHBORS = -0.872948565931125,
	WEIGHT_NEIGHBOR_FREE = 1.44897732362822,
	WEIGHT_NEIGHBOR_OWNED = 3.55504358237304,
	WEIGHT_NEIGHBOR_TAKEN = 0.502381110380417
};
