File info:
Boardsize: 7 x 6
Particles: 30
Iterations: 68
Games Played Per Iteration: 900
Games Played: 61200
Games Played Per Minute: 49534,8830291811
MAX_SCORE: 2475
Cores: 14
Start Time: 19.09.2023 15:34:07
End Time: 19.09.2023 15:35:21
Total Time: 00:01:14.1295785
Boardsize: 7 x 6
Engine Depth: 2

Win Values:
VALUE_WIN_YELLOW: 2,5
VALUE_DRAW_YELLOW: 0,5
VALUE_LOSS_YELLOW: -3
VALUE_WIN_RED: 3
VALUE_DRAW_RED: 0,6
VALUE_LOSS_RED: -1,8


Best Global Particle:

Best Global Particle Score Internally: 432,25
{
	NAME = "Particle-GLOBAL-BEST",

	WEIGHT_SCORE_OWN = 2.91128241189556,
	WEIGHT_SCORE_OPPONENT = 1.65188658073093,
	WEIGHT_HAMMINGDISTANCE_OWN = -1.28061304755044,
	WEIGHT_HAMMINGDISTANCE_OPPONENT = -2.24576423351518,

	WEIGHT_FORK_HAMMINGDISTANCE_S = -1.22159808561993,
	WEIGHT_FORK_HAMMINGDISTANCE_L = 0.565097432456329,

	WEIGHT_WALL_DISTANCE = -1.89202536410641,
	WEIGHT_NEIGHBORS = -2.00657366223169,
	WEIGHT_NEIGHBOR_FREE = -2.40745761934163,
	WEIGHT_NEIGHBOR_OWNED = -1.90197591914936,
	WEIGHT_NEIGHBOR_TAKEN = -0.249652667603557
};
