File info:
Boardsize: 7 x 6
Particles: 30
Iterations: 45
Games Played Per Iteration: 900
Games Played: 40500
Games Played Per Minute: 15851,6730640181
MAX_SCORE: 2475
Cores: 14
Start Time: 19.09.2023 16:11:15
End Time: 19.09.2023 16:13:48
Total Time: 00:02:33.2961215
Boardsize: 7 x 6
Engine Depth: 2

Win Values:
VALUE_WIN_YELLOW: 2,5
VALUE_DRAW_YELLOW: 0,5
VALUE_LOSS_YELLOW: -3
VALUE_WIN_RED: 3
VALUE_DRAW_RED: 0,6
VALUE_LOSS_RED: -1,8


Best Global Particle:

Best Global Particle Score Internally: 512,525
{
	NAME = "Particle-GLOBAL-BEST",

	WEIGHT_SCORE_OWN = -1.22520031575057,
	WEIGHT_SCORE_OPPONENT = 2.82423967507639,
	WEIGHT_HAMMINGDISTANCE_OWN = 2.25273575603403,
	WEIGHT_HAMMINGDISTANCE_OPPONENT = 2.93430186997955,

	WEIGHT_FORK_HAMMINGDISTANCE_S = 2.19016476046608,
	WEIGHT_FORK_HAMMINGDISTANCE_L = -1.25363042107685,

	WEIGHT_WALL_DISTANCE = 3.21778644398649,
	WEIGHT_NEIGHBORS = 2.71834213579418,
	WEIGHT_NEIGHBOR_FREE = -2.36078599974288,
	WEIGHT_NEIGHBOR_OWNED = 3.30098356000687,
	WEIGHT_NEIGHBOR_TAKEN = -2.21173100026483
};
