File info:
Boardsize: 7 x 6
Particles: 30
Iterations: 50
Games Played Per Iteration: 900
Games Played: 45000
Games Played Per Minute: 15367,2791323464
MAX_SCORE: 2475
Cores: 14
Start Time: 19.09.2023 16:11:15
End Time: 19.09.2023 16:14:11
Total Time: 00:02:55.6979864
Boardsize: 7 x 6
Engine Depth: 2

Win Values:
VALUE_WIN_YELLOW: 2,5
VALUE_DRAW_YELLOW: 0,5
VALUE_LOSS_YELLOW: -3
VALUE_WIN_RED: 3
VALUE_DRAW_RED: 0,6
VALUE_LOSS_RED: -1,8


Best Global Particle:

Best Global Particle Score Internally: 512,525
{
	NAME = "Particle-GLOBAL-BEST",

	WEIGHT_SCORE_OWN = -1.21120404932892,
	WEIGHT_SCORE_OPPONENT = 2.8107922548012,
	WEIGHT_HAMMINGDISTANCE_OWN = 2.25259944858092,
	WEIGHT_HAMMINGDISTANCE_OPPONENT = 2.85980943005071,

	WEIGHT_FORK_HAMMINGDISTANCE_S = 2.19033391310544,
	WEIGHT_FORK_HAMMINGDISTANCE_L = -1.22390601660846,

	WEIGHT_WALL_DISTANCE = 3.20789490022842,
	WEIGHT_NEIGHBORS = 2.71820190663875,
	WEIGHT_NEIGHBOR_FREE = -2.32704444995131,
	WEIGHT_NEIGHBOR_OWNED = 3.30040351836448,
	WEIGHT_NEIGHBOR_TAKEN = -2.20521753819799
};
