File info:
Boardsize: 7 x 6
Particles: 30
Iterations: 30
Games Played Per Iteration: 900
Games Played: 27000
Games Played Per Minute: 404285,223724455
MAX_SCORE: 2475
Cores: 14
Start Time: 19.09.2023 15:34:07
End Time: 19.09.2023 15:34:11
Total Time: 00:00:04.0070720
Boardsize: 7 x 6
Engine Depth: 2

Win Values:
VALUE_WIN_YELLOW: 2,5
VALUE_DRAW_YELLOW: 0,5
VALUE_LOSS_YELLOW: -3
VALUE_WIN_RED: 3
VALUE_DRAW_RED: 0,6
VALUE_LOSS_RED: -1,8


Best Global Particle:

Best Global Particle Score Internally: 267,8
{
	NAME = "Particle-GLOBAL-BEST",

	WEIGHT_SCORE_OWN = 2.8938404958174,
	WEIGHT_SCORE_OPPONENT = 2.60685019051093,
	WEIGHT_HAMMINGDISTANCE_OWN = 3.21701856952898,
	WEIGHT_HAMMINGDISTANCE_OPPONENT = -2.05284124269349,

	WEIGHT_FORK_HAMMINGDISTANCE_S = -2.74605558560201,
	WEIGHT_FORK_HAMMINGDISTANCE_L = 2.60070627160999,

	WEIGHT_WALL_DISTANCE = -2.20559122494039,
	WEIGHT_NEIGHBORS = -2.3340963516088,
	WEIGHT_NEIGHBOR_FREE = 0.377223670388697,
	WEIGHT_NEIGHBOR_OWNED = -2.86121906682586,
	WEIGHT_NEIGHBOR_TAKEN = -2.31807578940631
};
