File info:
Boardsize: 7 x 6
Particles: 30
Iterations: 23
Games Played Per Iteration: 900
Games Played: 20700
Games Played Per Minute: 85,3954851304413
MAX_SCORE: 2475
Cores: 14
Start Time: 17.09.2023 23:14:59
End Time: 18.09.2023 03:17:23
Total Time: 04:02:24.0944343
Boardsize: 7 x 6
Engine Depth: 6

Win Values:
VALUE_WIN_YELLOW: 2,5
VALUE_DRAW_YELLOW: 0,5
VALUE_LOSS_YELLOW: -3
VALUE_WIN_RED: 3
VALUE_DRAW_RED: 0,6
VALUE_LOSS_RED: -1,8


Best Global Particle:

Best Global Particle Score Internally: 49,6570769230769
{
	NAME = "Particle-GLOBAL-BEST",

	WEIGHT_SCORE_OWN = 2.65242054158324,
	WEIGHT_SCORE_OPPONENT = -0.455842870946895,
	WEIGHT_HAMMINGDISTANCE_OWN = -0.340837126736334,
	WEIGHT_HAMMINGDISTANCE_OPPONENT = 1.85880524881733,

	WEIGHT_FORK_HAMMINGDISTANCE_S = -0.0188276366266107,
	WEIGHT_FORK_HAMMINGDISTANCE_L = -1.10802018812842,

	WEIGHT_WALL_DISTANCE = 1.21963610994157,
	WEIGHT_NEIGHBORS = 0.0903266149397763,
	WEIGHT_NEIGHBOR_FREE = 1.75670366591907,
	WEIGHT_NEIGHBOR_OWNED = 2.65096716433572,
	WEIGHT_NEIGHBOR_TAKEN = 0.403092180845182
};
