File info:
Boardsize: 7 x 6
Particles: 30
Iterations: 89
Games Played Per Iteration: 900
Games Played: 80100
Games Played Per Minute: 42545,9871018467
MAX_SCORE: 2475
Cores: 14
Start Time: 19.09.2023 16:04:18
End Time: 19.09.2023 16:06:11
Total Time: 00:01:52.9601245
Boardsize: 7 x 6
Engine Depth: 2

Win Values:
VALUE_WIN_YELLOW: 2,5
VALUE_DRAW_YELLOW: 0,5
VALUE_LOSS_YELLOW: -3
VALUE_WIN_RED: 3
VALUE_DRAW_RED: 0,6
VALUE_LOSS_RED: -1,8


Best Global Particle:

Best Global Particle Score Internally: 450,125
{
	NAME = "Particle-GLOBAL-BEST",

	WEIGHT_SCORE_OWN = 2.80001463574734,
	WEIGHT_SCORE_OPPONENT = -1.20000857596861,
	WEIGHT_HAMMINGDISTANCE_OWN = -1.20001437064781,
	WEIGHT_HAMMINGDISTANCE_OPPONENT = 2.53363120711831,

	WEIGHT_FORK_HAMMINGDISTANCE_S = -0.204545043512837,
	WEIGHT_FORK_HAMMINGDISTANCE_L = -0.366701945596318,

	WEIGHT_WALL_DISTANCE = -0.610999788658644,
	WEIGHT_NEIGHBORS = 3.10006234997035,
	WEIGHT_NEIGHBOR_FREE = -2.28120207889407,
	WEIGHT_NEIGHBOR_OWNED = -1.90001951055357,
	WEIGHT_NEIGHBOR_TAKEN = 2.30002407785629
};
