File info:
Boardsize: 7 x 6
Particles: 30
Iterations: 36
Games Played Per Iteration: 900
Games Played: 32400
Games Played Per Minute: 16726,9587629451
MAX_SCORE: 2475
Cores: 14
Start Time: 19.09.2023 16:11:15
End Time: 19.09.2023 16:13:11
Total Time: 00:01:56.2195727
Boardsize: 7 x 6
Engine Depth: 2

Win Values:
VALUE_WIN_YELLOW: 2,5
VALUE_DRAW_YELLOW: 0,5
VALUE_LOSS_YELLOW: -3
VALUE_WIN_RED: 3
VALUE_DRAW_RED: 0,6
VALUE_LOSS_RED: -1,8


Best Global Particle:

Best Global Particle Score Internally: 512,525
{
	NAME = "Particle-GLOBAL-BEST",

	WEIGHT_SCORE_OWN = -1.30537153822873,
	WEIGHT_SCORE_OPPONENT = 2.89902501296556,
	WEIGHT_HAMMINGDISTANCE_OWN = 2.26105982200179,
	WEIGHT_HAMMINGDISTANCE_OPPONENT = 3.34651381385872,

	WEIGHT_FORK_HAMMINGDISTANCE_S = 2.17983489444259,
	WEIGHT_FORK_HAMMINGDISTANCE_L = -1.41481769180734,

	WEIGHT_WALL_DISTANCE = 3.27634186816887,
	WEIGHT_NEIGHBORS = 2.72690569349954,
	WEIGHT_NEIGHBOR_FREE = -2.55127277103024,
	WEIGHT_NEIGHBOR_OWNED = 3.30925312186658,
	WEIGHT_NEIGHBOR_TAKEN = -2.24875612331051
};
