File info:
Boardsize: 7 x 6
Particles: 30
Iterations: 73
Games Played Per Iteration: 900
Games Played: 65700
Games Played Per Minute: 49411,9027796119
MAX_SCORE: 2475
Cores: 14
Start Time: 19.09.2023 15:34:07
End Time: 19.09.2023 15:35:26
Total Time: 00:01:19.7783485
Boardsize: 7 x 6
Engine Depth: 2

Win Values:
VALUE_WIN_YELLOW: 2,5
VALUE_DRAW_YELLOW: 0,5
VALUE_LOSS_YELLOW: -3
VALUE_WIN_RED: 3
VALUE_DRAW_RED: 0,6
VALUE_LOSS_RED: -1,8


Best Global Particle:

Best Global Particle Score Internally: 432,25
{
	NAME = "Particle-GLOBAL-BEST",

	WEIGHT_SCORE_OWN = 2.84937660587062,
	WEIGHT_SCORE_OPPONENT = 1.65188658068239,
	WEIGHT_HAMMINGDISTANCE_OWN = -1.2357684443625,
	WEIGHT_HAMMINGDISTANCE_OPPONENT = -2.22030583685918,

	WEIGHT_FORK_HAMMINGDISTANCE_S = -1.20958318572297,
	WEIGHT_FORK_HAMMINGDISTANCE_L = 0.565097428565554,

	WEIGHT_WALL_DISTANCE = -1.84083214939807,
	WEIGHT_NEIGHBORS = -2.00291676926738,
	WEIGHT_NEIGHBOR_FREE = -2.3476795310628,
	WEIGHT_NEIGHBOR_OWNED = -1.90087672496383,
	WEIGHT_NEIGHBOR_TAKEN = -0.249652662668382
};
