File info:
Boardsize: 7 x 6
Particles: 30
Iterations: 35
Games Played Per Iteration: 900
Games Played: 31500
Games Played Per Minute: 16801,6935061616
MAX_SCORE: 2475
Cores: 14
Start Time: 19.09.2023 16:11:15
End Time: 19.09.2023 16:13:07
Total Time: 00:01:52.4886607
Boardsize: 7 x 6
Engine Depth: 2

Win Values:
VALUE_WIN_YELLOW: 2,5
VALUE_DRAW_YELLOW: 0,5
VALUE_LOSS_YELLOW: -3
VALUE_WIN_RED: 3
VALUE_DRAW_RED: 0,6
VALUE_LOSS_RED: -1,8


Best Global Particle:

Best Global Particle Score Internally: 512,525
{
	NAME = "Particle-GLOBAL-BEST",

	WEIGHT_SCORE_OWN = -1.32253070236303,
	WEIGHT_SCORE_OPPONENT = 2.91414373868324,
	WEIGHT_HAMMINGDISTANCE_OWN = 2.26582800505841,
	WEIGHT_HAMMINGDISTANCE_OPPONENT = 3.42900557831546,

	WEIGHT_FORK_HAMMINGDISTANCE_S = 2.17391775102481,
	WEIGHT_FORK_HAMMINGDISTANCE_L = -1.44572366534703,

	WEIGHT_WALL_DISTANCE = 3.2896253352024,
	WEIGHT_NEIGHBORS = 2.7318110619713,
	WEIGHT_NEIGHBOR_FREE = -2.5909397730596,
	WEIGHT_NEIGHBOR_OWNED = 3.31298172806127,
	WEIGHT_NEIGHBOR_TAKEN = -2.25656811492986
};
