File info:
Boardsize: 7 x 6
Particles: 30
Iterations: 28
Games Played Per Iteration: 900
Games Played: 25200
Games Played Per Minute: 118,512086501806
MAX_SCORE: 2475
Cores: 16
Start Time: 19.09.2023 16:55:59
End Time: 19.09.2023 20:28:37
Total Time: 03:32:38.1923889
Boardsize: 7 x 6
Engine Depth: 6

Win Values:
VALUE_WIN_YELLOW: 2,5
VALUE_DRAW_YELLOW: 0,5
VALUE_LOSS_YELLOW: -3
VALUE_WIN_RED: 3
VALUE_DRAW_RED: 0,6
VALUE_LOSS_RED: -1,8


Best Global Particle:

Best Global Particle Score Internally: 465,725
{
	NAME = "Particle-GLOBAL-BEST",

	WEIGHT_SCORE_OWN = 1.75272064628063,
	WEIGHT_SCORE_OPPONENT = -0.511556051940101,
	WEIGHT_HAMMINGDISTANCE_OWN = -4.79398469681511,
	WEIGHT_HAMMINGDISTANCE_OPPONENT = -1.25785623558078,

	WEIGHT_FORK_HAMMINGDISTANCE_S = -0.396552749418743,
	WEIGHT_FORK_HAMMINGDISTANCE_L = -1.19853251821324,

	WEIGHT_WALL_DISTANCE = 3.51356639422786,
	WEIGHT_NEIGHBORS = 4.43694973747046,
	WEIGHT_NEIGHBOR_FREE = -4.92190146182386,
	WEIGHT_NEIGHBOR_OWNED = -2.51830632491779,
	WEIGHT_NEIGHBOR_TAKEN = -2.52817183920176
};
