File info:
Boardsize: 7 x 6
Particles: 30
Iterations: 57
Games Played Per Iteration: 900
Games Played: 51300
Games Played Per Minute: 68,9550973613908
MAX_SCORE: 2475
Cores: 14
Start Time: 17.09.2023 23:14:59
End Time: 18.09.2023 11:38:57
Total Time: 12:23:57.7442391
Boardsize: 7 x 6
Engine Depth: 6

Win Values:
VALUE_WIN_YELLOW: 2,5
VALUE_DRAW_YELLOW: 0,5
VALUE_LOSS_YELLOW: -3
VALUE_WIN_RED: 3
VALUE_DRAW_RED: 0,6
VALUE_LOSS_RED: -1,8


Best Global Particle:

Best Global Particle Score Internally: 49,6570769230769
{
	NAME = "Particle-GLOBAL-BEST",

	WEIGHT_SCORE_OWN = 2.20181802431142,
	WEIGHT_SCORE_OPPONENT = 0.195628614219681,
	WEIGHT_HAMMINGDISTANCE_OWN = 0.199039589570426,
	WEIGHT_HAMMINGDISTANCE_OPPONENT = 1.20542520781859,

	WEIGHT_FORK_HAMMINGDISTANCE_S = 0.101931696238094,
	WEIGHT_FORK_HAMMINGDISTANCE_L = -0.205859160023778,

	WEIGHT_WALL_DISTANCE = 1.20001806282291,
	WEIGHT_NEIGHBORS = 0.497882546891322,
	WEIGHT_NEIGHBOR_FREE = 1.70065594003069,
	WEIGHT_NEIGHBOR_OWNED = 2.30193371289618,
	WEIGHT_NEIGHBOR_TAKEN = 0.300595778806442
};
