File info:
Boardsize: 7 x 6
Particles: 30
Iterations: 21
Games Played Per Iteration: 900
Games Played: 18900
Games Played Per Minute: 65,9843913024079
MAX_SCORE: 2475
Cores: 14
Start Time: 18.09.2023 14:00:02
End Time: 18.09.2023 18:46:28
Total Time: 04:46:25.8825643
Boardsize: 7 x 6
Engine Depth: 6

Win Values:
VALUE_WIN_YELLOW: 2,5
VALUE_DRAW_YELLOW: 0,5
VALUE_LOSS_YELLOW: -3
VALUE_WIN_RED: 3
VALUE_DRAW_RED: 0,6
VALUE_LOSS_RED: -1,8


Best Global Particle:

Best Global Particle Score Internally: 49,4964615384615
{
	NAME = "Particle-GLOBAL-BEST",

	WEIGHT_SCORE_OWN = -1.74471614350313,
	WEIGHT_SCORE_OPPONENT = 0.160267975694008,
	WEIGHT_HAMMINGDISTANCE_OWN = 3.6617644284605,
	WEIGHT_HAMMINGDISTANCE_OPPONENT = -3.022677416318,

	WEIGHT_FORK_HAMMINGDISTANCE_S = -0.0417407621079883,
	WEIGHT_FORK_HAMMINGDISTANCE_L = -2.21002480263342,

	WEIGHT_WALL_DISTANCE = -1.84999757458063,
	WEIGHT_NEIGHBORS = -0.843718537764668,
	WEIGHT_NEIGHBOR_FREE = -0.449305282464591,
	WEIGHT_NEIGHBOR_OWNED = -2.50272969850242,
	WEIGHT_NEIGHBOR_TAKEN = -2.04529294338725
};
