File info:
Boardsize: 7 x 6
Particles: 30
Iterations: 62
Games Played Per Iteration: 900
Games Played: 55800
Games Played Per Minute: 14353,9688161279
MAX_SCORE: 2475
Cores: 14
Start Time: 19.09.2023 16:11:15
End Time: 19.09.2023 16:15:08
Total Time: 00:03:53.2455952
Boardsize: 7 x 6
Engine Depth: 2

Win Values:
VALUE_WIN_YELLOW: 2,5
VALUE_DRAW_YELLOW: 0,5
VALUE_LOSS_YELLOW: -3
VALUE_WIN_RED: 3
VALUE_DRAW_RED: 0,6
VALUE_LOSS_RED: -1,8


Best Global Particle:

Best Global Particle Score Internally: 512,525
{
	NAME = "Particle-GLOBAL-BEST",

	WEIGHT_SCORE_OWN = -1.20159453462699,
	WEIGHT_SCORE_OPPONENT = 2.80153650578082,
	WEIGHT_HAMMINGDISTANCE_OWN = 2.25258412583633,
	WEIGHT_HAMMINGDISTANCE_OPPONENT = 2.8085156672665,

	WEIGHT_FORK_HAMMINGDISTANCE_S = 2.19035292807953,
	WEIGHT_FORK_HAMMINGDISTANCE_L = -1.20340458429482,

	WEIGHT_WALL_DISTANCE = 3.20112309627468,
	WEIGHT_NEIGHBORS = 2.71818614304341,
	WEIGHT_NEIGHBOR_FREE = -2.30384962096326,
	WEIGHT_NEIGHBOR_OWNED = 3.3000561551013,
	WEIGHT_NEIGHBOR_TAKEN = -2.20074262121371
};
