File info:
Boardsize: 7 x 6
Particles: 30
Iterations: 28
Games Played Per Iteration: 900
Games Played: 25200
Games Played Per Minute: 17324,0777400894
MAX_SCORE: 2475
Cores: 14
Start Time: 19.09.2023 15:32:16
End Time: 19.09.2023 15:33:43
Total Time: 00:01:27.2773733
Boardsize: 7 x 6
Engine Depth: 2

Win Values:
VALUE_WIN_YELLOW: 2,5
VALUE_DRAW_YELLOW: 0,5
VALUE_LOSS_YELLOW: -3
VALUE_WIN_RED: 3
VALUE_DRAW_RED: 0,6
VALUE_LOSS_RED: -1,8


Best Global Particle:

Best Global Particle Score Internally: 1022,9375
{
	NAME = "Particle-GLOBAL-BEST",

	WEIGHT_SCORE_OWN = 3.65745074479237,
	WEIGHT_SCORE_OPPONENT = 3.1323381060301,
	WEIGHT_HAMMINGDISTANCE_OWN = 4.3317043696071,
	WEIGHT_HAMMINGDISTANCE_OPPONENT = -2.51956245815589,

	WEIGHT_FORK_HAMMINGDISTANCE_S = -3.58603127685192,
	WEIGHT_FORK_HAMMINGDISTANCE_L = 3.18863732770974,

	WEIGHT_WALL_DISTANCE = -2.82440047636509,
	WEIGHT_NEIGHBORS = -3.02039064074786,
	WEIGHT_NEIGHBOR_FREE = -1.53412742433781,
	WEIGHT_NEIGHBOR_OWNED = -4.03764635036062,
	WEIGHT_NEIGHBOR_TAKEN = -2.84575675390676
};
