File info:
Boardsize: 7 x 6
Particles: 30
Iterations: 66
Games Played Per Iteration: 900
Games Played: 59400
Games Played Per Minute: 49562,9019309373
MAX_SCORE: 2475
Cores: 14
Start Time: 19.09.2023 15:34:07
End Time: 19.09.2023 15:35:19
Total Time: 00:01:11.9086224
Boardsize: 7 x 6
Engine Depth: 2

Win Values:
VALUE_WIN_YELLOW: 2,5
VALUE_DRAW_YELLOW: 0,5
VALUE_LOSS_YELLOW: -3
VALUE_WIN_RED: 3
VALUE_DRAW_RED: 0,6
VALUE_LOSS_RED: -1,8


Best Global Particle:

Best Global Particle Score Internally: 432,25
{
	NAME = "Particle-GLOBAL-BEST",

	WEIGHT_SCORE_OWN = 2.95402400945702,
	WEIGHT_SCORE_OPPONENT = 1.65188658097395,
	WEIGHT_HAMMINGDISTANCE_OWN = -1.31157507935,
	WEIGHT_HAMMINGDISTANCE_OPPONENT = -2.26334146454028,

	WEIGHT_FORK_HAMMINGDISTANCE_S = -1.22989353995307,
	WEIGHT_FORK_HAMMINGDISTANCE_L = 0.565097451936846,

	WEIGHT_WALL_DISTANCE = -1.9273706779343,
	WEIGHT_NEIGHBORS = -2.00909849007974,
	WEIGHT_NEIGHBOR_FREE = -2.44873011589334,
	WEIGHT_NEIGHBOR_OWNED = -1.90273484527564,
	WEIGHT_NEIGHBOR_TAKEN = -0.249652692313225
};
