File info:
Boardsize: 7 x 6
Particles: 30
Iterations: 4
Games Played Per Iteration: 900
Games Played: 3600
Games Played Per Minute: 1146,42124276018
MAX_SCORE: 2475
Cores: 14
Start Time: 19.09.2023 15:28:09
End Time: 19.09.2023 15:31:17
Total Time: 00:03:08.4124194
Boardsize: 7 x 6
Engine Depth: 4

Win Values:
VALUE_WIN_YELLOW: 2,5
VALUE_DRAW_YELLOW: 0,5
VALUE_LOSS_YELLOW: -3
VALUE_WIN_RED: 3
VALUE_DRAW_RED: 0,6
VALUE_LOSS_RED: -1,8


Best Global Particle:

Best Global Particle Score Internally: 2273,375
{
	NAME = "Particle-GLOBAL-BEST",

	WEIGHT_SCORE_OWN = 0.988548832288268,
	WEIGHT_SCORE_OPPONENT = -0.949009562539407,
	WEIGHT_HAMMINGDISTANCE_OWN = -0.96843239728754,
	WEIGHT_HAMMINGDISTANCE_OPPONENT = 1.25850468308595,

	WEIGHT_FORK_HAMMINGDISTANCE_S = -0.300907606585374,
	WEIGHT_FORK_HAMMINGDISTANCE_L = 0.159828191138724,

	WEIGHT_WALL_DISTANCE = -0.100866830768467,
	WEIGHT_NEIGHBORS = 2.39992031217549,
	WEIGHT_NEIGHBOR_FREE = 2.09342142939261,
	WEIGHT_NEIGHBOR_OWNED = 1.80541786891661,
	WEIGHT_NEIGHBOR_TAKEN = 0.156092400316192
};
