File info:
Boardsize: 7 x 6
Particles: 30
Iterations: 32
Games Played Per Iteration: 900
Games Played: 28800
Games Played Per Minute: 109,312115738308
MAX_SCORE: 2475
Cores: 16
Start Time: 19.09.2023 16:55:59
End Time: 19.09.2023 21:19:27
Total Time: 04:23:27.9457920
Boardsize: 7 x 6
Engine Depth: 6

Win Values:
VALUE_WIN_YELLOW: 2,5
VALUE_DRAW_YELLOW: 0,5
VALUE_LOSS_YELLOW: -3
VALUE_WIN_RED: 3
VALUE_DRAW_RED: 0,6
VALUE_LOSS_RED: -1,8


Best Global Particle:

Best Global Particle Score Internally: 465,725
{
	NAME = "Particle-GLOBAL-BEST",

	WEIGHT_SCORE_OWN = 4.93137989018041,
	WEIGHT_SCORE_OPPONENT = 0.244523788763434,
	WEIGHT_HAMMINGDISTANCE_OWN = -3.10295293314785,
	WEIGHT_HAMMINGDISTANCE_OPPONENT = -1.48283063943966,

	WEIGHT_FORK_HAMMINGDISTANCE_S = -1.31453374974614,
	WEIGHT_FORK_HAMMINGDISTANCE_L = -1.27100935179655,

	WEIGHT_WALL_DISTANCE = 3.45870601084813,
	WEIGHT_NEIGHBORS = 5.41663165536434,
	WEIGHT_NEIGHBOR_FREE = -5.13364871403592,
	WEIGHT_NEIGHBOR_OWNED = -2.36420421997834,
	WEIGHT_NEIGHBOR_TAKEN = -4.40849114780345
};
