File info:
Boardsize: 7 x 6
Particles: 30
Iterations: 32
Games Played Per Iteration: 900
Games Played: 28800
Games Played Per Minute: 33795,6478211163
MAX_SCORE: 2475
Cores: 14
Start Time: 19.09.2023 16:04:18
End Time: 19.09.2023 16:05:09
Total Time: 00:00:51.1308441
Boardsize: 7 x 6
Engine Depth: 2

Win Values:
VALUE_WIN_YELLOW: 2,5
VALUE_DRAW_YELLOW: 0,5
VALUE_LOSS_YELLOW: -3
VALUE_WIN_RED: 3
VALUE_DRAW_RED: 0,6
VALUE_LOSS_RED: -1,8


Best Global Particle:

Best Global Particle Score Internally: 450,125
{
	NAME = "Particle-GLOBAL-BEST",

	WEIGHT_SCORE_OWN = 2.93821543172313,
	WEIGHT_SCORE_OPPONENT = -1.28089915791491,
	WEIGHT_HAMMINGDISTANCE_OWN = -1.33677790077892,
	WEIGHT_HAMMINGDISTANCE_OPPONENT = 2.53227932700234,

	WEIGHT_FORK_HAMMINGDISTANCE_S = -0.20449312685351,
	WEIGHT_FORK_HAMMINGDISTANCE_L = -0.366251772682082,

	WEIGHT_WALL_DISTANCE = -0.606085784148038,
	WEIGHT_NEIGHBORS = 3.69581286318449,
	WEIGHT_NEIGHBOR_FREE = -2.27809377878066,
	WEIGHT_NEIGHBOR_OWNED = -2.08429214267615,
	WEIGHT_NEIGHBOR_TAKEN = 2.53017328674163
};
