File info:
Boardsize: 7 x 6
Particles: 30
Iterations: 4
Games Played Per Iteration: 900
Games Played: 3600
Games Played Per Minute: 18354,0249756474
MAX_SCORE: 2475
Cores: 14
Start Time: 19.09.2023 16:11:15
End Time: 19.09.2023 16:11:27
Total Time: 00:00:11.7685358
Boardsize: 7 x 6
Engine Depth: 2

Win Values:
VALUE_WIN_YELLOW: 2,5
VALUE_DRAW_YELLOW: 0,5
VALUE_LOSS_YELLOW: -3
VALUE_WIN_RED: 3
VALUE_DRAW_RED: 0,6
VALUE_LOSS_RED: -1,8


Best Global Particle:

Best Global Particle Score Internally: 416,65
{
	NAME = "Particle-GLOBAL-BEST",

	WEIGHT_SCORE_OWN = -2.07571035337938,
	WEIGHT_SCORE_OPPONENT = 1.74032758115943,
	WEIGHT_HAMMINGDISTANCE_OWN = 4.60947237974831,
	WEIGHT_HAMMINGDISTANCE_OPPONENT = 1.78865691392997,

	WEIGHT_FORK_HAMMINGDISTANCE_S = -0.868079132300288,
	WEIGHT_FORK_HAMMINGDISTANCE_L = 0.970894052931466,

	WEIGHT_WALL_DISTANCE = 5.01799516644505,
	WEIGHT_NEIGHBORS = 4.15891029777073,
	WEIGHT_NEIGHBOR_FREE = -1.29208773840371,
	WEIGHT_NEIGHBOR_OWNED = 4.89296175507869,
	WEIGHT_NEIGHBOR_TAKEN = -1.30608212118699
};
