File info:
Boardsize: 7 x 6
Particles: 30
Iterations: 18
Games Played Per Iteration: 900
Games Played: 16200
Games Played Per Minute: 19308,1901300128
MAX_SCORE: 2475
Cores: 14
Start Time: 19.09.2023 16:11:15
End Time: 19.09.2023 16:12:05
Total Time: 00:00:50.3413315
Boardsize: 7 x 6
Engine Depth: 2

Win Values:
VALUE_WIN_YELLOW: 2,5
VALUE_DRAW_YELLOW: 0,5
VALUE_LOSS_YELLOW: -3
VALUE_WIN_RED: 3
VALUE_DRAW_RED: 0,6
VALUE_LOSS_RED: -1,8


Best Global Particle:

Best Global Particle Score Internally: 512,525
{
	NAME = "Particle-GLOBAL-BEST",

	WEIGHT_SCORE_OWN = -2.44607207960785,
	WEIGHT_SCORE_OPPONENT = 3.46740446466725,
	WEIGHT_HAMMINGDISTANCE_OWN = 3.28586040743449,
	WEIGHT_HAMMINGDISTANCE_OPPONENT = 6.0093910618201,

	WEIGHT_FORK_HAMMINGDISTANCE_S = 0.986792642547125,
	WEIGHT_FORK_HAMMINGDISTANCE_L = -1.70179794942625,

	WEIGHT_WALL_DISTANCE = 4.52871548710689,
	WEIGHT_NEIGHBORS = 3.90618464696566,
	WEIGHT_NEIGHBOR_FREE = -4.64556769587707,
	WEIGHT_NEIGHBOR_OWNED = 4.52063759915793,
	WEIGHT_NEIGHBOR_TAKEN = -2.71271269281074
};
