File info:
Boardsize: 7 x 6
Particles: 30
Iterations: 37
Games Played Per Iteration: 900
Games Played: 33300
Games Played Per Minute: 69,9276374072558
MAX_SCORE: 2475
Cores: 14
Start Time: 18.09.2023 14:00:02
End Time: 18.09.2023 21:56:14
Total Time: 07:56:12.3938929
Boardsize: 7 x 6
Engine Depth: 6

Win Values:
VALUE_WIN_YELLOW: 2,5
VALUE_DRAW_YELLOW: 0,5
VALUE_LOSS_YELLOW: -3
VALUE_WIN_RED: 3
VALUE_DRAW_RED: 0,6
VALUE_LOSS_RED: -1,8


Best Global Particle:

Best Global Particle Score Internally: 49,4964615384615
{
	NAME = "Particle-GLOBAL-BEST",

	WEIGHT_SCORE_OWN = -1.47177940064563,
	WEIGHT_SCORE_OPPONENT = 0.446922981181852,
	WEIGHT_HAMMINGDISTANCE_OWN = 2.88730175199936,
	WEIGHT_HAMMINGDISTANCE_OPPONENT = -2.36752679613732,

	WEIGHT_FORK_HAMMINGDISTANCE_S = -0.480461556362132,
	WEIGHT_FORK_HAMMINGDISTANCE_L = -1.27839959507119,

	WEIGHT_WALL_DISTANCE = -1.8746723224554,
	WEIGHT_NEIGHBORS = -1.17007963667118,
	WEIGHT_NEIGHBOR_FREE = -0.438774763177244,
	WEIGHT_NEIGHBOR_OWNED = -2.072958529699,
	WEIGHT_NEIGHBOR_TAKEN = -2.38333983202779
};
