File info:
Boardsize: 7 x 6
Particles: 30
Iterations: 46
Games Played Per Iteration: 900
Games Played: 41400
Games Played Per Minute: 100,542639619742
MAX_SCORE: 2475
Cores: 14
Start Time: 17.09.2023 23:14:59
End Time: 18.09.2023 06:06:45
Total Time: 06:51:45.9358039
Boardsize: 7 x 6
Engine Depth: 6

Win Values:
VALUE_WIN_YELLOW: 2,5
VALUE_DRAW_YELLOW: 0,5
VALUE_LOSS_YELLOW: -3
VALUE_WIN_RED: 3
VALUE_DRAW_RED: 0,6
VALUE_LOSS_RED: -1,8


Best Global Particle:

Best Global Particle Score Internally: 49,6570769230769
{
	NAME = "Particle-GLOBAL-BEST",

	WEIGHT_SCORE_OWN = 2.21086401486468,
	WEIGHT_SCORE_OPPONENT = 0.173880917911146,
	WEIGHT_HAMMINGDISTANCE_OWN = 0.194258669963115,
	WEIGHT_HAMMINGDISTANCE_OPPONENT = 1.23241456048423,

	WEIGHT_FORK_HAMMINGDISTANCE_S = 0.101930552143403,
	WEIGHT_FORK_HAMMINGDISTANCE_L = -0.235008760167764,

	WEIGHT_WALL_DISTANCE = 1.20010804786454,
	WEIGHT_NEIGHBORS = 0.487347527882049,
	WEIGHT_NEIGHBOR_FREE = 1.70391894817799,
	WEIGHT_NEIGHBOR_OWNED = 2.31155439719353,
	WEIGHT_NEIGHBOR_TAKEN = 0.303559884488321
};
