File info:
Boardsize: 7 x 6
Particles: 30
Iterations: 29
Games Played Per Iteration: 900
Games Played: 26100
Games Played Per Minute: 33579,7813383277
MAX_SCORE: 2475
Cores: 14
Start Time: 19.09.2023 16:04:18
End Time: 19.09.2023 16:05:05
Total Time: 00:00:46.6352054
Boardsize: 7 x 6
Engine Depth: 2

Win Values:
VALUE_WIN_YELLOW: 2,5
VALUE_DRAW_YELLOW: 0,5
VALUE_LOSS_YELLOW: -3
VALUE_WIN_RED: 3
VALUE_DRAW_RED: 0,6
VALUE_LOSS_RED: -1,8


Best Global Particle:

Best Global Particle Score Internally: 450,125
{
	NAME = "Particle-GLOBAL-BEST",

	WEIGHT_SCORE_OWN = 3.01026894154304,
	WEIGHT_SCORE_OPPONENT = -1.32298125228305,
	WEIGHT_HAMMINGDISTANCE_OWN = -1.40917272606753,
	WEIGHT_HAMMINGDISTANCE_OPPONENT = 2.53062222354747,

	WEIGHT_FORK_HAMMINGDISTANCE_S = -0.204429488610355,
	WEIGHT_FORK_HAMMINGDISTANCE_L = -0.365699961110435,

	WEIGHT_WALL_DISTANCE = -0.600062310797402,
	WEIGHT_NEIGHBORS = 4.01357948025792,
	WEIGHT_NEIGHBOR_FREE = -2.27428369621797,
	WEIGHT_NEIGHBOR_OWNED = -2.18040754660462,
	WEIGHT_NEIGHBOR_TAKEN = 2.65301987331834
};
