File info:
Boardsize: 7 x 6
Particles: 30
Iterations: 51
Games Played Per Iteration: 900
Games Played: 45900
Games Played Per Minute: 15277,8247805426
MAX_SCORE: 2475
Cores: 14
Start Time: 19.09.2023 16:11:15
End Time: 19.09.2023 16:14:15
Total Time: 00:03:00.2612636
Boardsize: 7 x 6
Engine Depth: 2

Win Values:
VALUE_WIN_YELLOW: 2,5
VALUE_DRAW_YELLOW: 0,5
VALUE_LOSS_YELLOW: -3
VALUE_WIN_RED: 3
VALUE_DRAW_RED: 0,6
VALUE_LOSS_RED: -1,8


Best Global Particle:

Best Global Particle Score Internally: 512,525
{
	NAME = "Particle-GLOBAL-BEST",

	WEIGHT_SCORE_OWN = -1.20952495276263,
	WEIGHT_SCORE_OPPONENT = 2.80917589597076,
	WEIGHT_HAMMINGDISTANCE_OWN = 2.2525935458562,
	WEIGHT_HAMMINGDISTANCE_OPPONENT = 2.85085269636352,

	WEIGHT_FORK_HAMMINGDISTANCE_S = 2.19034123817419,
	WEIGHT_FORK_HAMMINGDISTANCE_L = -1.22032748304968,

	WEIGHT_WALL_DISTANCE = 3.2067108636771,
	WEIGHT_NEIGHBORS = 2.71819583408671,
	WEIGHT_NEIGHBOR_FREE = -2.32299270198768,
	WEIGHT_NEIGHBOR_OWNED = 3.30034078540905,
	WEIGHT_NEIGHBOR_TAKEN = -2.20443574088124
};
