File info:
Boardsize: 7 x 6
Particles: 30
Iterations: 50
Games Played Per Iteration: 900
Games Played: 45000
Games Played Per Minute: 36448,0203294206
MAX_SCORE: 2475
Cores: 14
Start Time: 19.09.2023 16:04:18
End Time: 19.09.2023 16:05:32
Total Time: 00:01:14.0780974
Boardsize: 7 x 6
Engine Depth: 2

Win Values:
VALUE_WIN_YELLOW: 2,5
VALUE_DRAW_YELLOW: 0,5
VALUE_LOSS_YELLOW: -3
VALUE_WIN_RED: 3
VALUE_DRAW_RED: 0,6
VALUE_LOSS_RED: -1,8


Best Global Particle:

Best Global Particle Score Internally: 450,125
{
	NAME = "Particle-GLOBAL-BEST",

	WEIGHT_SCORE_OWN = 2.80827481210844,
	WEIGHT_SCORE_OPPONENT = -1.20484867864029,
	WEIGHT_HAMMINGDISTANCE_OWN = -1.20812533019607,
	WEIGHT_HAMMINGDISTANCE_OPPONENT = 2.53363066464521,

	WEIGHT_FORK_HAMMINGDISTANCE_S = -0.204545022680079,
	WEIGHT_FORK_HAMMINGDISTANCE_L = -0.366701764954043,

	WEIGHT_WALL_DISTANCE = -0.610997816800886,
	WEIGHT_NEIGHBORS = 3.13525428631499,
	WEIGHT_NEIGHBOR_FREE = -2.28120083161688,
	WEIGHT_NEIGHBOR_OWNED = -1.91103096306109,
	WEIGHT_NEIGHBOR_TAKEN = 2.31361427546304
};
