File info:
Boardsize: 7 x 6
Particles: 30
Iterations: 3
Games Played Per Iteration: 900
Games Played: 2700
Games Played Per Minute: 18394,6084993719
MAX_SCORE: 2475
Cores: 14
Start Time: 19.09.2023 15:32:16
End Time: 19.09.2023 15:32:25
Total Time: 00:00:08.8069284
Boardsize: 7 x 6
Engine Depth: 2

Win Values:
VALUE_WIN_YELLOW: 2,5
VALUE_DRAW_YELLOW: 0,5
VALUE_LOSS_YELLOW: -3
VALUE_WIN_RED: 3
VALUE_DRAW_RED: 0,6
VALUE_LOSS_RED: -1,8


Best Global Particle:

Best Global Particle Score Internally: 736,125
{
	NAME = "Particle-GLOBAL-BEST",

	WEIGHT_SCORE_OWN = 4.82055655996515,
	WEIGHT_SCORE_OPPONENT = 1.50982214593274,
	WEIGHT_HAMMINGDISTANCE_OWN = 5.01715328745719,
	WEIGHT_HAMMINGDISTANCE_OPPONENT = -2.67410575849389,

	WEIGHT_FORK_HAMMINGDISTANCE_S = -0.922636883799697,
	WEIGHT_FORK_HAMMINGDISTANCE_L = 4.17420888391058,

	WEIGHT_WALL_DISTANCE = 1.61107679860302,
	WEIGHT_NEIGHBORS = -3.85017992792678,
	WEIGHT_NEIGHBOR_FREE = 2.04942171144829,
	WEIGHT_NEIGHBOR_OWNED = -4.15176976609108,
	WEIGHT_NEIGHBOR_TAKEN = -2.84345650038002
};
