File info:
Boardsize: 7 x 6
Particles: 30
Iterations: 34
Games Played Per Iteration: 900
Games Played: 30600
Games Played Per Minute: 95,0242731565351
MAX_SCORE: 2475
Cores: 14
Start Time: 17.09.2023 23:14:59
End Time: 18.09.2023 04:37:00
Total Time: 05:22:01.3790436
Boardsize: 7 x 6
Engine Depth: 6

Win Values:
VALUE_WIN_YELLOW: 2,5
VALUE_DRAW_YELLOW: 0,5
VALUE_LOSS_YELLOW: -3
VALUE_WIN_RED: 3
VALUE_DRAW_RED: 0,6
VALUE_LOSS_RED: -1,8


Best Global Particle:

Best Global Particle Score Internally: 49,6570769230769
{
	NAME = "Particle-GLOBAL-BEST",

	WEIGHT_SCORE_OWN = 2.27634709272215,
	WEIGHT_SCORE_OPPONENT = 0.0196974573410491,
	WEIGHT_HAMMINGDISTANCE_OWN = 0.157381966671942,
	WEIGHT_HAMMINGDISTANCE_OPPONENT = 1.42259355245782,

	WEIGHT_FORK_HAMMINGDISTANCE_S = 0.100968507068598,
	WEIGHT_FORK_HAMMINGDISTANCE_L = -0.441886779437435,

	WEIGHT_WALL_DISTANCE = 1.2008732154092,
	WEIGHT_NEIGHBORS = 0.411966640547958,
	WEIGHT_NEIGHBOR_FREE = 1.7267390732443,
	WEIGHT_NEIGHBOR_OWNED = 2.38021895160765,
	WEIGHT_NEIGHBOR_TAKEN = 0.324677355810757
};
