File info:
Boardsize: 7 x 6
Particles: 30
Iterations: 26
Games Played Per Iteration: 900
Games Played: 23400
Games Played Per Minute: 17897,7973587443
MAX_SCORE: 2475
Cores: 14
Start Time: 19.09.2023 16:11:15
End Time: 19.09.2023 16:12:33
Total Time: 00:01:18.4454071
Boardsize: 7 x 6
Engine Depth: 2

Win Values:
VALUE_WIN_YELLOW: 2,5
VALUE_DRAW_YELLOW: 0,5
VALUE_LOSS_YELLOW: -3
VALUE_WIN_RED: 3
VALUE_DRAW_RED: 0,6
VALUE_LOSS_RED: -1,8


Best Global Particle:

Best Global Particle Score Internally: 512,525
{
	NAME = "Particle-GLOBAL-BEST",

	WEIGHT_SCORE_OWN = -1.64310254671518,
	WEIGHT_SCORE_OPPONENT = 3.15181060492376,
	WEIGHT_HAMMINGDISTANCE_OWN = 2.43437130517206,
	WEIGHT_HAMMINGDISTANCE_OPPONENT = 4.68082218676411,

	WEIGHT_FORK_HAMMINGDISTANCE_S = 1.96476158670887,
	WEIGHT_FORK_HAMMINGDISTANCE_L = -1.84183700583779,

	WEIGHT_WALL_DISTANCE = 3.57566734956153,
	WEIGHT_NEIGHBORS = 2.90520352209418,
	WEIGHT_NEIGHBOR_FREE = -3.27635298534946,
	WEIGHT_NEIGHBOR_OWNED = 3.48145719070164,
	WEIGHT_NEIGHBOR_TAKEN = -2.39683545398218
};
