File info:
Boardsize: 7 x 6
Particles: 30
Iterations: 1
Games Played Per Iteration: 900
Games Played: 900
Games Played Per Minute: 16776,6974654729
MAX_SCORE: 2475
Cores: 14
Start Time: 19.09.2023 16:11:15
End Time: 19.09.2023 16:11:18
Total Time: 00:00:03.2187503
Boardsize: 7 x 6
Engine Depth: 2

Win Values:
VALUE_WIN_YELLOW: 2,5
VALUE_DRAW_YELLOW: 0,5
VALUE_LOSS_YELLOW: -3
VALUE_WIN_RED: 3
VALUE_DRAW_RED: 0,6
VALUE_LOSS_RED: -1,8


Best Global Particle:

Best Global Particle Score Internally: 313,95
{
	NAME = "Particle-GLOBAL-BEST",

	WEIGHT_SCORE_OWN = 0.978021284834492,
	WEIGHT_SCORE_OPPONENT = 0.892484463980647,
	WEIGHT_HAMMINGDISTANCE_OWN = -0.686894875525914,
	WEIGHT_HAMMINGDISTANCE_OPPONENT = -1.78143311998874,

	WEIGHT_FORK_HAMMINGDISTANCE_S = 0.667978188147758,
	WEIGHT_FORK_HAMMINGDISTANCE_L = 1.05459151582541,

	WEIGHT_WALL_DISTANCE = 1.59753436781351,
	WEIGHT_NEIGHBORS = -1.01527641979758,
	WEIGHT_NEIGHBOR_FREE = 2.75913503983018,
	WEIGHT_NEIGHBOR_OWNED = 3.1395808705313,
	WEIGHT_NEIGHBOR_TAKEN = 1.55383921584759
};
