File info:
Boardsize: 7 x 6
Particles: 30
Iterations: 7
Games Played Per Iteration: 900
Games Played: 6300
Games Played Per Minute: 15808,5947540634
MAX_SCORE: 2475
Cores: 14
Start Time: 19.09.2023 15:32:16
End Time: 19.09.2023 15:32:40
Total Time: 00:00:23.9110437
Boardsize: 7 x 6
Engine Depth: 2

Win Values:
VALUE_WIN_YELLOW: 2,5
VALUE_DRAW_YELLOW: 0,5
VALUE_LOSS_YELLOW: -3
VALUE_WIN_RED: 3
VALUE_DRAW_RED: 0,6
VALUE_LOSS_RED: -1,8


Best Global Particle:

Best Global Particle Score Internally: 768,625
{
	NAME = "Particle-GLOBAL-BEST",

	WEIGHT_SCORE_OWN = 8.82063169394998,
	WEIGHT_SCORE_OPPONENT = 2.87591309828202,
	WEIGHT_HAMMINGDISTANCE_OWN = 8.75163447740026,
	WEIGHT_HAMMINGDISTANCE_OPPONENT = -3.56867627778241,

	WEIGHT_FORK_HAMMINGDISTANCE_S = -3.42816119054538,
	WEIGHT_FORK_HAMMINGDISTANCE_L = 4.7817160050186,

	WEIGHT_WALL_DISTANCE = 1.01414505886502,
	WEIGHT_NEIGHBORS = -7.05093469469986,
	WEIGHT_NEIGHBOR_FREE = -1.60208055722443,
	WEIGHT_NEIGHBOR_OWNED = -8.91977366209401,
	WEIGHT_NEIGHBOR_TAKEN = -6.98119371457427
};
