File info:
Boardsize: 7 x 6
Particles: 30
Iterations: 13
Games Played Per Iteration: 900
Games Played: 11700
Games Played Per Minute: 78,3491780173301
MAX_SCORE: 2475
Cores: 14
Start Time: 17.09.2023 23:14:59
End Time: 18.09.2023 01:44:19
Total Time: 02:29:19.8897878
Boardsize: 7 x 6
Engine Depth: 6

Win Values:
VALUE_WIN_YELLOW: 2,5
VALUE_DRAW_YELLOW: 0,5
VALUE_LOSS_YELLOW: -3
VALUE_WIN_RED: 3
VALUE_DRAW_RED: 0,6
VALUE_LOSS_RED: -1,8


Best Global Particle:

Best Global Particle Score Internally: 49,5512307692308
{
	NAME = "Particle-GLOBAL-BEST",

	WEIGHT_SCORE_OWN = 4.37929573385157,
	WEIGHT_SCORE_OPPONENT = 0.182534358408438,
	WEIGHT_HAMMINGDISTANCE_OWN = -3.1994061867937,
	WEIGHT_HAMMINGDISTANCE_OPPONENT = 1.68900788304441,

	WEIGHT_FORK_HAMMINGDISTANCE_S = -0.408810766855328,
	WEIGHT_FORK_HAMMINGDISTANCE_L = -1.3908989056326,

	WEIGHT_WALL_DISTANCE = 1.39808022250704,
	WEIGHT_NEIGHBORS = -0.559099090551225,
	WEIGHT_NEIGHBOR_FREE = 1.49925865206849,
	WEIGHT_NEIGHBOR_OWNED = 3.19030159429644,
	WEIGHT_NEIGHBOR_TAKEN = 0.564276190088233
};
