File info:
Boardsize: 7 x 6
Particles: 30
Iterations: 56
Games Played Per Iteration: 900
Games Played: 50400
Games Played Per Minute: 14883,4673673732
MAX_SCORE: 2475
Cores: 14
Start Time: 19.09.2023 16:11:15
End Time: 19.09.2023 16:14:38
Total Time: 00:03:23.1784614
Boardsize: 7 x 6
Engine Depth: 2

Win Values:
VALUE_WIN_YELLOW: 2,5
VALUE_DRAW_YELLOW: 0,5
VALUE_LOSS_YELLOW: -3
VALUE_WIN_RED: 3
VALUE_DRAW_RED: 0,6
VALUE_LOSS_RED: -1,8


Best Global Particle:

Best Global Particle Score Internally: 512,525
{
	NAME = "Particle-GLOBAL-BEST",

	WEIGHT_SCORE_OWN = -1.20422776246039,
	WEIGHT_SCORE_OPPONENT = 2.80407383951268,
	WEIGHT_HAMMINGDISTANCE_OWN = 2.25258440665131,
	WEIGHT_HAMMINGDISTANCE_OPPONENT = 2.82257809300924,

	WEIGHT_FORK_HAMMINGDISTANCE_S = 2.19035257959826,
	WEIGHT_FORK_HAMMINGDISTANCE_L = -1.20902668109279,

	WEIGHT_WALL_DISTANCE = 3.20297784165285,
	WEIGHT_NEIGHBORS = 2.71818643193772,
	WEIGHT_NEIGHBOR_FREE = -2.3102068367502,
	WEIGHT_NEIGHBOR_OWNED = 3.30014903303884,
	WEIGHT_NEIGHBOR_TAKEN = -2.20196898389038
};
