File info:
Boardsize: 7 x 6
Particles: 30
Iterations: 58
Games Played Per Iteration: 900
Games Played: 52200
Games Played Per Minute: 69,4545065320997
MAX_SCORE: 2475
Cores: 14
Start Time: 17.09.2023 23:14:59
End Time: 18.09.2023 11:46:33
Total Time: 12:31:34.2661086
Boardsize: 7 x 6
Engine Depth: 6

Win Values:
VALUE_WIN_YELLOW: 2,5
VALUE_DRAW_YELLOW: 0,5
VALUE_LOSS_YELLOW: -3
VALUE_WIN_RED: 3
VALUE_DRAW_RED: 0,6
VALUE_LOSS_RED: -1,8


Best Global Particle:

Best Global Particle Score Internally: 49,6570769230769
{
	NAME = "Particle-GLOBAL-BEST",

	WEIGHT_SCORE_OWN = 2.20154532066541,
	WEIGHT_SCORE_OPPONENT = 0.196284322009454,
	WEIGHT_HAMMINGDISTANCE_OWN = 0.199183651187313,
	WEIGHT_HAMMINGDISTANCE_OPPONENT = 1.20461142676886,

	WEIGHT_FORK_HAMMINGDISTANCE_S = 0.101931696275244,
	WEIGHT_FORK_HAMMINGDISTANCE_L = -0.204980286118718,

	WEIGHT_WALL_DISTANCE = 1.20001535339683,
	WEIGHT_NEIGHBORS = 0.49820016483629,
	WEIGHT_NEIGHBOR_FREE = 1.70055754904498,
	WEIGHT_NEIGHBOR_OWNED = 2.30164365598529,
	WEIGHT_NEIGHBOR_TAKEN = 0.300506411993609
};
