File info:
Boardsize: 7 x 6
Particles: 30
Iterations: 37
Games Played Per Iteration: 900
Games Played: 33300
Games Played Per Minute: 83986,6867734214
MAX_SCORE: 2475
Cores: 14
Start Time: 19.09.2023 15:34:07
End Time: 19.09.2023 15:34:30
Total Time: 00:00:23.7894847
Boardsize: 7 x 6
Engine Depth: 2

Win Values:
VALUE_WIN_YELLOW: 2,5
VALUE_DRAW_YELLOW: 0,5
VALUE_LOSS_YELLOW: -3
VALUE_WIN_RED: 3
VALUE_DRAW_RED: 0,6
VALUE_LOSS_RED: -1,8


Best Global Particle:

Best Global Particle Score Internally: 361,075
{
	NAME = "Particle-GLOBAL-BEST",

	WEIGHT_SCORE_OWN = -2.08664272869769,
	WEIGHT_SCORE_OPPONENT = 2.52465647393569,
	WEIGHT_HAMMINGDISTANCE_OWN = 0.571792271484654,
	WEIGHT_HAMMINGDISTANCE_OPPONENT = -2.58129231874792,

	WEIGHT_FORK_HAMMINGDISTANCE_S = -3.55568530666115,
	WEIGHT_FORK_HAMMINGDISTANCE_L = 2.34243133199199,

	WEIGHT_WALL_DISTANCE = -3.20706810728124,
	WEIGHT_NEIGHBORS = -2.30802067240324,
	WEIGHT_NEIGHBOR_FREE = 4.64126439279942,
	WEIGHT_NEIGHBOR_OWNED = -3.18743629998972,
	WEIGHT_NEIGHBOR_TAKEN = -4.61349162140494
};
