File info:
Boardsize: 7 x 6
Particles: 30
Iterations: 42
Games Played Per Iteration: 900
Games Played: 37800
Games Played Per Minute: 71,5218352868491
MAX_SCORE: 2475
Cores: 14
Start Time: 18.09.2023 14:00:02
End Time: 18.09.2023 22:48:32
Total Time: 08:48:30.5956650
Boardsize: 7 x 6
Engine Depth: 6

Win Values:
VALUE_WIN_YELLOW: 2,5
VALUE_DRAW_YELLOW: 0,5
VALUE_LOSS_YELLOW: -3
VALUE_WIN_RED: 3
VALUE_DRAW_RED: 0,6
VALUE_LOSS_RED: -1,8


Best Global Particle:

Best Global Particle Score Internally: 49,4964615384615
{
	NAME = "Particle-GLOBAL-BEST",

	WEIGHT_SCORE_OWN = -1.32759536308446,
	WEIGHT_SCORE_OPPONENT = 0.449592312045009,
	WEIGHT_HAMMINGDISTANCE_OWN = 2.83944228566687,
	WEIGHT_HAMMINGDISTANCE_OPPONENT = -2.27755588011639,

	WEIGHT_FORK_HAMMINGDISTANCE_S = -0.484546923559604,
	WEIGHT_FORK_HAMMINGDISTANCE_L = -1.23488940376037,

	WEIGHT_WALL_DISTANCE = -1.83528136257503,
	WEIGHT_NEIGHBORS = -1.17311871060036,
	WEIGHT_NEIGHBOR_FREE = -0.438676703001769,
	WEIGHT_NEIGHBOR_OWNED = -1.98062501355317,
	WEIGHT_NEIGHBOR_TAKEN = -2.28724873838409
};
