File info:
Boardsize: 7 x 6
Particles: 30
Iterations: 12
Games Played Per Iteration: 900
Games Played: 10800
Games Played Per Minute: 16400,2335261647
MAX_SCORE: 2475
Cores: 14
Start Time: 19.09.2023 15:32:16
End Time: 19.09.2023 15:32:56
Total Time: 00:00:39.5116325
Boardsize: 7 x 6
Engine Depth: 2

Win Values:
VALUE_WIN_YELLOW: 2,5
VALUE_DRAW_YELLOW: 0,5
VALUE_LOSS_YELLOW: -3
VALUE_WIN_RED: 3
VALUE_DRAW_RED: 0,6
VALUE_LOSS_RED: -1,8


Best Global Particle:

Best Global Particle Score Internally: 1005,875
{
	NAME = "Particle-GLOBAL-BEST",

	WEIGHT_SCORE_OWN = 9.13479133378694,
	WEIGHT_SCORE_OPPONENT = 3.64217483985317,
	WEIGHT_HAMMINGDISTANCE_OWN = 10.935763133183,
	WEIGHT_HAMMINGDISTANCE_OPPONENT = -4.63485442913022,

	WEIGHT_FORK_HAMMINGDISTANCE_S = -8.39742065290733,
	WEIGHT_FORK_HAMMINGDISTANCE_L = 5.60347007808494,

	WEIGHT_WALL_DISTANCE = -5.60711455746722,
	WEIGHT_NEIGHBORS = -7.68766232735093,
	WEIGHT_NEIGHBOR_FREE = -0.822554180345127,
	WEIGHT_NEIGHBOR_OWNED = -10.5662136364645,
	WEIGHT_NEIGHBOR_TAKEN = -5.71634612810408
};
