File info:
Boardsize: 7 x 6
Particles: 30
Iterations: 65
Games Played Per Iteration: 900
Games Played: 58500
Games Played Per Minute: 49571,7217906849
MAX_SCORE: 2475
Cores: 14
Start Time: 19.09.2023 15:34:07
End Time: 19.09.2023 15:35:17
Total Time: 00:01:10.8064976
Boardsize: 7 x 6
Engine Depth: 2

Win Values:
VALUE_WIN_YELLOW: 2,5
VALUE_DRAW_YELLOW: 0,5
VALUE_LOSS_YELLOW: -3
VALUE_WIN_RED: 3
VALUE_DRAW_RED: 0,6
VALUE_LOSS_RED: -1,8


Best Global Particle:

Best Global Particle Score Internally: 432,25
{
	NAME = "Particle-GLOBAL-BEST",

	WEIGHT_SCORE_OWN = 2.98120456883842,
	WEIGHT_SCORE_OPPONENT = 1.65188658139433,
	WEIGHT_HAMMINGDISTANCE_OWN = -1.33126467917411,
	WEIGHT_HAMMINGDISTANCE_OPPONENT = -2.27451931223768,

	WEIGHT_FORK_HAMMINGDISTANCE_S = -1.23516886369228,
	WEIGHT_FORK_HAMMINGDISTANCE_L = 0.565097485634334,

	WEIGHT_WALL_DISTANCE = -1.94984774412328,
	WEIGHT_NEIGHBORS = -2.01070409880467,
	WEIGHT_NEIGHBOR_FREE = -2.47497635504044,
	WEIGHT_NEIGHBOR_OWNED = -1.9032174799747,
	WEIGHT_NEIGHBOR_TAKEN = -0.249652735056121
};
