File info:
Boardsize: 7 x 6
Particles: 30
Iterations: 10
Games Played Per Iteration: 900
Games Played: 9000
Games Played Per Minute: 15903,8620726606
MAX_SCORE: 2475
Cores: 14
Start Time: 19.09.2023 15:32:16
End Time: 19.09.2023 15:32:50
Total Time: 00:00:33.9540168
Boardsize: 7 x 6
Engine Depth: 2

Win Values:
VALUE_WIN_YELLOW: 2,5
VALUE_DRAW_YELLOW: 0,5
VALUE_LOSS_YELLOW: -3
VALUE_WIN_RED: 3
VALUE_DRAW_RED: 0,6
VALUE_LOSS_RED: -1,8


Best Global Particle:

Best Global Particle Score Internally: 1005,875
{
	NAME = "Particle-GLOBAL-BEST",

	WEIGHT_SCORE_OWN = 9.77283646206559,
	WEIGHT_SCORE_OPPONENT = 2.97755232389109,
	WEIGHT_HAMMINGDISTANCE_OWN = 11.2493932690141,
	WEIGHT_HAMMINGDISTANCE_OPPONENT = -4.9072596119411,

	WEIGHT_FORK_HAMMINGDISTANCE_S = -8.03900103593511,
	WEIGHT_FORK_HAMMINGDISTANCE_L = 5.98032570863025,

	WEIGHT_WALL_DISTANCE = -4.04236613395362,
	WEIGHT_NEIGHBORS = -8.08050430626748,
	WEIGHT_NEIGHBOR_FREE = 0.126739627087497,
	WEIGHT_NEIGHBOR_OWNED = -10.9793586193461,
	WEIGHT_NEIGHBOR_TAKEN = -6.03010590766773
};
