File info:
Boardsize: 7 x 6
Particles: 30
Iterations: 37
Games Played Per Iteration: 900
Games Played: 33300
Games Played Per Minute: 96,8019073441585
MAX_SCORE: 2475
Cores: 14
Start Time: 17.09.2023 23:14:59
End Time: 18.09.2023 04:58:59
Total Time: 05:44:00.0891761
Boardsize: 7 x 6
Engine Depth: 6

Win Values:
VALUE_WIN_YELLOW: 2,5
VALUE_DRAW_YELLOW: 0,5
VALUE_LOSS_YELLOW: -3
VALUE_WIN_RED: 3
VALUE_DRAW_RED: 0,6
VALUE_LOSS_RED: -1,8


Best Global Particle:

Best Global Particle Score Internally: 49,6570769230769
{
	NAME = "Particle-GLOBAL-BEST",

	WEIGHT_SCORE_OWN = 2.24689763244816,
	WEIGHT_SCORE_OPPONENT = 0.0880573385843237,
	WEIGHT_HAMMINGDISTANCE_OWN = 0.174651456686818,
	WEIGHT_HAMMINGDISTANCE_OPPONENT = 1.33863402413534,

	WEIGHT_FORK_HAMMINGDISTANCE_S = 0.101682410619412,
	WEIGHT_FORK_HAMMINGDISTANCE_L = -0.350096726818938,

	WEIGHT_WALL_DISTANCE = 1.20049473414959,
	WEIGHT_NEIGHBORS = 0.44560126259976,
	WEIGHT_NEIGHBOR_FREE = 1.71671804866009,
	WEIGHT_NEIGHBOR_OWNED = 2.34963430559295,
	WEIGHT_NEIGHBOR_TAKEN = 0.315282792998634
};
