File info:
Boardsize: 7 x 6
Particles: 30
Iterations: 51
Games Played Per Iteration: 900
Games Played: 45900
Games Played Per Minute: 36544,6062089979
MAX_SCORE: 2475
Cores: 14
Start Time: 19.09.2023 16:04:18
End Time: 19.09.2023 16:05:34
Total Time: 00:01:15.3599583
Boardsize: 7 x 6
Engine Depth: 2

Win Values:
VALUE_WIN_YELLOW: 2,5
VALUE_DRAW_YELLOW: 0,5
VALUE_LOSS_YELLOW: -3
VALUE_WIN_RED: 3
VALUE_DRAW_RED: 0,6
VALUE_LOSS_RED: -1,8


Best Global Particle:

Best Global Particle Score Internally: 450,125
{
	NAME = "Particle-GLOBAL-BEST",

	WEIGHT_SCORE_OWN = 2.80703486580817,
	WEIGHT_SCORE_OPPONENT = -1.20412213132596,
	WEIGHT_HAMMINGDISTANCE_OWN = -1.20690769886239,
	WEIGHT_HAMMINGDISTANCE_OPPONENT = 2.53363085993553,

	WEIGHT_FORK_HAMMINGDISTANCE_S = -0.204545030179872,
	WEIGHT_FORK_HAMMINGDISTANCE_L = -0.366701829985264,

	WEIGHT_WALL_DISTANCE = -0.610998526669699,
	WEIGHT_NEIGHBORS = 3.12997102425189,
	WEIGHT_NEIGHBOR_FREE = -2.28120128063668,
	WEIGHT_NEIGHBOR_OWNED = -1.90937801575631,
	WEIGHT_NEIGHBOR_TAKEN = 2.31157401216405
};
