File info:
Boardsize: 7 x 6
Particles: 30
Iterations: 62
Games Played Per Iteration: 900
Games Played: 55800
Games Played Per Minute: 71,3620193349448
MAX_SCORE: 2475
Cores: 14
Start Time: 17.09.2023 23:14:59
End Time: 18.09.2023 12:16:55
Total Time: 13:01:55.7127447
Boardsize: 7 x 6
Engine Depth: 6

Win Values:
VALUE_WIN_YELLOW: 2,5
VALUE_DRAW_YELLOW: 0,5
VALUE_LOSS_YELLOW: -3
VALUE_WIN_RED: 3
VALUE_DRAW_RED: 0,6
VALUE_LOSS_RED: -1,8


Best Global Particle:

Best Global Particle Score Internally: 49,6570769230769
{
	NAME = "Particle-GLOBAL-BEST",

	WEIGHT_SCORE_OWN = 2.20080666704592,
	WEIGHT_SCORE_OPPONENT = 0.198060392830395,
	WEIGHT_HAMMINGDISTANCE_OWN = 0.199573860841729,
	WEIGHT_HAMMINGDISTANCE_OPPONENT = 1.20240719365137,

	WEIGHT_FORK_HAMMINGDISTANCE_S = 0.10193169630033,
	WEIGHT_FORK_HAMMINGDISTANCE_L = -0.20259974052608,

	WEIGHT_WALL_DISTANCE = 1.20000801456789,
	WEIGHT_NEIGHBORS = 0.499060474785758,
	WEIGHT_NEIGHBOR_FREE = 1.70029104409485,
	WEIGHT_NEIGHBOR_OWNED = 2.300857998708,
	WEIGHT_NEIGHBOR_TAKEN = 0.300264350229481
};
