File info:
Boardsize: 7 x 6
Particles: 30
Iterations: 15
Games Played Per Iteration: 900
Games Played: 13500
Games Played Per Minute: 16715,4171463802
MAX_SCORE: 2475
Cores: 14
Start Time: 19.09.2023 15:32:16
End Time: 19.09.2023 15:33:05
Total Time: 00:00:48.4582582
Boardsize: 7 x 6
Engine Depth: 2

Win Values:
VALUE_WIN_YELLOW: 2,5
VALUE_DRAW_YELLOW: 0,5
VALUE_LOSS_YELLOW: -3
VALUE_WIN_RED: 3
VALUE_DRAW_RED: 0,6
VALUE_LOSS_RED: -1,8


Best Global Particle:

Best Global Particle Score Internally: 1005,875
{
	NAME = "Particle-GLOBAL-BEST",

	WEIGHT_SCORE_OWN = 7.78271006673051,
	WEIGHT_SCORE_OPPONENT = 3.91849265849033,
	WEIGHT_HAMMINGDISTANCE_OWN = 9.50709356984959,
	WEIGHT_HAMMINGDISTANCE_OPPONENT = -4.09863461175206,

	WEIGHT_FORK_HAMMINGDISTANCE_S = -7.52048484223327,
	WEIGHT_FORK_HAMMINGDISTANCE_L = 4.93239050128078,

	WEIGHT_WALL_DISTANCE = -5.98009643408191,
	WEIGHT_NEIGHBORS = -6.58325449056339,
	WEIGHT_NEIGHBOR_FREE = -1.69668152710762,
	WEIGHT_NEIGHBOR_OWNED = -8.99627998897751,
	WEIGHT_NEIGHBOR_TAKEN = -4.99041717609874
};
