File info:
Boardsize: 7 x 6
Particles: 30
Iterations: 29
Games Played Per Iteration: 900
Games Played: 26100
Games Played Per Minute: 67,5626821683453
MAX_SCORE: 2475
Cores: 14
Start Time: 18.09.2023 14:00:02
End Time: 18.09.2023 20:26:20
Total Time: 06:26:18.4758944
Boardsize: 7 x 6
Engine Depth: 6

Win Values:
VALUE_WIN_YELLOW: 2,5
VALUE_DRAW_YELLOW: 0,5
VALUE_LOSS_YELLOW: -3
VALUE_WIN_RED: 3
VALUE_DRAW_RED: 0,6
VALUE_LOSS_RED: -1,8


Best Global Particle:

Best Global Particle Score Internally: 49,4964615384615
{
	NAME = "Particle-GLOBAL-BEST",

	WEIGHT_SCORE_OWN = -1.84805099411792,
	WEIGHT_SCORE_OPPONENT = 0.399781500462225,
	WEIGHT_HAMMINGDISTANCE_OWN = 3.08517661353164,
	WEIGHT_HAMMINGDISTANCE_OPPONENT = -2.65405930193953,

	WEIGHT_FORK_HAMMINGDISTANCE_S = -0.408312291679196,
	WEIGHT_FORK_HAMMINGDISTANCE_L = -1.48257428877564,

	WEIGHT_WALL_DISTANCE = -1.96687905752449,
	WEIGHT_NEIGHBORS = -1.1164083413608,
	WEIGHT_NEIGHBOR_FREE = -0.44050654620021,
	WEIGHT_NEIGHBOR_OWNED = -2.34112829706223,
	WEIGHT_NEIGHBOR_TAKEN = -2.57861987746381
};
