File info:
Boardsize: 7 x 6
Particles: 30
Iterations: 2
Games Played Per Iteration: 900
Games Played: 1800
Games Played Per Minute: 114,507959075607
MAX_SCORE: 2475
Cores: 14
Start Time: 17.09.2023 23:14:59
End Time: 17.09.2023 23:30:42
Total Time: 00:15:43.1658801
Boardsize: 7 x 6
Engine Depth: 6

Win Values:
VALUE_WIN_YELLOW: 2,5
VALUE_DRAW_YELLOW: 0,5
VALUE_LOSS_YELLOW: -3
VALUE_WIN_RED: 3
VALUE_DRAW_RED: 0,6
VALUE_LOSS_RED: -1,8


Best Global Particle:

Best Global Particle Score Internally: 49,222
{
	NAME = "Particle-GLOBAL-BEST",

	WEIGHT_SCORE_OWN = 1.87407520658992,
	WEIGHT_SCORE_OPPONENT = 1.11658119993125,
	WEIGHT_HAMMINGDISTANCE_OWN = 0.27901240888937,
	WEIGHT_HAMMINGDISTANCE_OPPONENT = 0.743849963854929,

	WEIGHT_FORK_HAMMINGDISTANCE_S = 0.218139131701616,
	WEIGHT_FORK_HAMMINGDISTANCE_L = 1.23045483340065,

	WEIGHT_WALL_DISTANCE = 0.457835787282249,
	WEIGHT_NEIGHBORS = 0.701639541332442,
	WEIGHT_NEIGHBOR_FREE = 1.32476876975259,
	WEIGHT_NEIGHBOR_OWNED = 2.12694484518233,
	WEIGHT_NEIGHBOR_TAKEN = -0.201002907986288
};
