File info:
Boardsize: 7 x 6
Particles: 30
Iterations: 34
Games Played Per Iteration: 900
Games Played: 30600
Games Played Per Minute: 105,960825494872
MAX_SCORE: 2475
Cores: 16
Start Time: 19.09.2023 16:55:59
End Time: 19.09.2023 21:44:46
Total Time: 04:48:47.1583288
Boardsize: 7 x 6
Engine Depth: 6

Win Values:
VALUE_WIN_YELLOW: 2,5
VALUE_DRAW_YELLOW: 0,5
VALUE_LOSS_YELLOW: -3
VALUE_WIN_RED: 3
VALUE_DRAW_RED: 0,6
VALUE_LOSS_RED: -1,8


Best Global Particle:

Best Global Particle Score Internally: 465,725
{
	NAME = "Particle-GLOBAL-BEST",

	WEIGHT_SCORE_OWN = 5.20794980785321,
	WEIGHT_SCORE_OPPONENT = 0.448924738464105,
	WEIGHT_HAMMINGDISTANCE_OWN = -2.58359287782381,
	WEIGHT_HAMMINGDISTANCE_OPPONENT = -1.54365091175946,

	WEIGHT_FORK_HAMMINGDISTANCE_S = -1.48057116964858,
	WEIGHT_FORK_HAMMINGDISTANCE_L = -1.27456844338992,

	WEIGHT_WALL_DISTANCE = 3.41771421226224,
	WEIGHT_NEIGHBORS = 5.29843879176414,
	WEIGHT_NEIGHBOR_FREE = -4.82215403174679,
	WEIGHT_NEIGHBOR_OWNED = -2.28123321203934,
	WEIGHT_NEIGHBOR_TAKEN = -4.45593662699103
};
