File info:
Boardsize: 7 x 6
Particles: 30
Iterations: 49
Games Played Per Iteration: 900
Games Played: 44100
Games Played Per Minute: 101,410534803912
MAX_SCORE: 2475
Cores: 14
Start Time: 17.09.2023 23:14:59
End Time: 18.09.2023 06:29:51
Total Time: 07:14:51.9637700
Boardsize: 7 x 6
Engine Depth: 6

Win Values:
VALUE_WIN_YELLOW: 2,5
VALUE_DRAW_YELLOW: 0,5
VALUE_LOSS_YELLOW: -3
VALUE_WIN_RED: 3
VALUE_DRAW_RED: 0,6
VALUE_LOSS_RED: -1,8


Best Global Particle:

Best Global Particle Score Internally: 49,6570769230769
{
	NAME = "Particle-GLOBAL-BEST",

	WEIGHT_SCORE_OWN = 2.20667187885208,
	WEIGHT_SCORE_OPPONENT = 0.183957878820556,
	WEIGHT_HAMMINGDISTANCE_OWN = 0.196475286653889,
	WEIGHT_HAMMINGDISTANCE_OPPONENT = 1.21990936257232,

	WEIGHT_FORK_HAMMINGDISTANCE_S = 0.10193161744457,
	WEIGHT_FORK_HAMMINGDISTANCE_L = -0.221501972764765,

	WEIGHT_WALL_DISTANCE = 1.20006629539328,
	WEIGHT_NEIGHBORS = 0.492229320226536,
	WEIGHT_NEIGHBOR_FREE = 1.70240714945861,
	WEIGHT_NEIGHBOR_OWNED = 2.30709637407174,
	WEIGHT_NEIGHBOR_TAKEN = 0.302186397185296
};
