File info:
Boardsize: 7 x 6
Particles: 30
Iterations: 60
Games Played Per Iteration: 900
Games Played: 54000
Games Played Per Minute: 70,4266649390241
MAX_SCORE: 2475
Cores: 14
Start Time: 17.09.2023 23:14:59
End Time: 18.09.2023 12:01:44
Total Time: 12:46:45.3021509
Boardsize: 7 x 6
Engine Depth: 6

Win Values:
VALUE_WIN_YELLOW: 2,5
VALUE_DRAW_YELLOW: 0,5
VALUE_LOSS_YELLOW: -3
VALUE_WIN_RED: 3
VALUE_DRAW_RED: 0,6
VALUE_LOSS_RED: -1,8


Best Global Particle:

Best Global Particle Score Internally: 49,6570769230769
{
	NAME = "Particle-GLOBAL-BEST",

	WEIGHT_SCORE_OWN = 2.20111649418112,
	WEIGHT_SCORE_OPPONENT = 0.19731542261191,
	WEIGHT_HAMMINGDISTANCE_OWN = 0.19941018800993,
	WEIGHT_HAMMINGDISTANCE_OPPONENT = 1.20333175590407,

	WEIGHT_FORK_HAMMINGDISTANCE_S = 0.10193169629672,
	WEIGHT_FORK_HAMMINGDISTANCE_L = -0.203598256771662,

	WEIGHT_WALL_DISTANCE = 1.20001109282785,
	WEIGHT_NEIGHBORS = 0.498699619083199,
	WEIGHT_NEIGHBOR_FREE = 1.70040282919476,
	WEIGHT_NEIGHBOR_OWNED = 2.30118754146153,
	WEIGHT_NEIGHBOR_TAKEN = 0.300365882669584
};
