File info:
Boardsize: 7 x 6
Particles: 30
Iterations: 27
Games Played Per Iteration: 900
Games Played: 24300
Games Played Per Minute: 17285,9741146023
MAX_SCORE: 2475
Cores: 14
Start Time: 19.09.2023 15:32:16
End Time: 19.09.2023 15:33:41
Total Time: 00:01:24.3458396
Boardsize: 7 x 6
Engine Depth: 2

Win Values:
VALUE_WIN_YELLOW: 2,5
VALUE_DRAW_YELLOW: 0,5
VALUE_LOSS_YELLOW: -3
VALUE_WIN_RED: 3
VALUE_DRAW_RED: 0,6
VALUE_LOSS_RED: -1,8


Best Global Particle:

Best Global Particle Score Internally: 1005,875
{
	NAME = "Particle-GLOBAL-BEST",

	WEIGHT_SCORE_OWN = 3.98689734933942,
	WEIGHT_SCORE_OPPONENT = 3.22229484502743,
	WEIGHT_HAMMINGDISTANCE_OWN = 4.50284693165018,
	WEIGHT_HAMMINGDISTANCE_OPPONENT = -2.64661119813529,

	WEIGHT_FORK_HAMMINGDISTANCE_S = -2.93086929084605,
	WEIGHT_FORK_HAMMINGDISTANCE_L = 3.21420610210554,

	WEIGHT_WALL_DISTANCE = -3.20089021611083,
	WEIGHT_NEIGHBORS = -3.12918623952515,
	WEIGHT_NEIGHBOR_FREE = -2.46462087099963,
	WEIGHT_NEIGHBOR_OWNED = -3.68596732640265,
	WEIGHT_NEIGHBOR_TAKEN = -2.87309036548661
};
