File info:
Boardsize: 7 x 6
Particles: 30
Iterations: 55
Games Played Per Iteration: 900
Games Played: 49500
Games Played Per Minute: 67,9227948630742
MAX_SCORE: 2475
Cores: 14
Start Time: 17.09.2023 23:14:59
End Time: 18.09.2023 11:23:45
Total Time: 12:08:46.1158936
Boardsize: 7 x 6
Engine Depth: 6

Win Values:
VALUE_WIN_YELLOW: 2,5
VALUE_DRAW_YELLOW: 0,5
VALUE_LOSS_YELLOW: -3
VALUE_WIN_RED: 3
VALUE_DRAW_RED: 0,6
VALUE_LOSS_RED: -1,8


Best Global Particle:

Best Global Particle Score Internally: 49,6570769230769
{
	NAME = "Particle-GLOBAL-BEST",

	WEIGHT_SCORE_OWN = 2.20251629661756,
	WEIGHT_SCORE_OPPONENT = 0.193949639860066,
	WEIGHT_HAMMINGDISTANCE_OWN = 0.198670711664054,
	WEIGHT_HAMMINGDISTANCE_OPPONENT = 1.20750893688061,

	WEIGHT_FORK_HAMMINGDISTANCE_S = 0.101931695926483,
	WEIGHT_FORK_HAMMINGDISTANCE_L = -0.208109563024805,

	WEIGHT_WALL_DISTANCE = 1.20002500047436,
	WEIGHT_NEIGHBORS = 0.497069269275054,
	WEIGHT_NEIGHBOR_FREE = 1.70090787527899,
	WEIGHT_NEIGHBOR_OWNED = 2.30267641898931,
	WEIGHT_NEIGHBOR_TAKEN = 0.300824607260178
};
