File info:
Boardsize: 7 x 6
Particles: 30
Iterations: 1
Games Played Per Iteration: 900
Games Played: 900
Games Played Per Minute: 17552,8504951562
MAX_SCORE: 2475
Cores: 14
Start Time: 19.09.2023 15:32:16
End Time: 19.09.2023 15:32:19
Total Time: 00:00:03.0764234
Boardsize: 7 x 6
Engine Depth: 2

Win Values:
VALUE_WIN_YELLOW: 2,5
VALUE_DRAW_YELLOW: 0,5
VALUE_LOSS_YELLOW: -3
VALUE_WIN_RED: 3
VALUE_DRAW_RED: 0,6
VALUE_LOSS_RED: -1,8


Best Global Particle:

Best Global Particle Score Internally: 647,5625
{
	NAME = "Particle-GLOBAL-BEST",

	WEIGHT_SCORE_OWN = 1.00517255468535,
	WEIGHT_SCORE_OPPONENT = 2.59659075280493,
	WEIGHT_HAMMINGDISTANCE_OWN = 1.74528293374241,
	WEIGHT_HAMMINGDISTANCE_OPPONENT = -1.12533877581607,

	WEIGHT_FORK_HAMMINGDISTANCE_S = -1.15209216696773,
	WEIGHT_FORK_HAMMINGDISTANCE_L = 2.30695555364106,

	WEIGHT_WALL_DISTANCE = 0.138095321849964,
	WEIGHT_NEIGHBORS = -0.429162463419681,
	WEIGHT_NEIGHBOR_FREE = 2.75342819870144,
	WEIGHT_NEIGHBOR_OWNED = -0.516098177719907,
	WEIGHT_NEIGHBOR_TAKEN = 0.167623478811059
};
