File info:
Boardsize: 7 x 6
Particles: 30
Iterations: 22
Games Played Per Iteration: 900
Games Played: 19800
Games Played Per Minute: 16998,8233165528
MAX_SCORE: 2475
Cores: 14
Start Time: 19.09.2023 15:32:16
End Time: 19.09.2023 15:33:26
Total Time: 00:01:09.8871903
Boardsize: 7 x 6
Engine Depth: 2

Win Values:
VALUE_WIN_YELLOW: 2,5
VALUE_DRAW_YELLOW: 0,5
VALUE_LOSS_YELLOW: -3
VALUE_WIN_RED: 3
VALUE_DRAW_RED: 0,6
VALUE_LOSS_RED: -1,8


Best Global Particle:

Best Global Particle Score Internally: 1005,875
{
	NAME = "Particle-GLOBAL-BEST",

	WEIGHT_SCORE_OWN = 5.08154129144336,
	WEIGHT_SCORE_OPPONENT = 3.53518305388253,
	WEIGHT_HAMMINGDISTANCE_OWN = 6.0216506697777,
	WEIGHT_HAMMINGDISTANCE_OPPONENT = -3.06128472083249,

	WEIGHT_FORK_HAMMINGDISTANCE_S = -4.41650078898068,
	WEIGHT_FORK_HAMMINGDISTANCE_L = 3.69707088409786,

	WEIGHT_WALL_DISTANCE = -4.29381458969237,
	WEIGHT_NEIGHBORS = -4.1522088111519,
	WEIGHT_NEIGHBOR_FREE = -2.44641078813058,
	WEIGHT_NEIGHBOR_OWNED = -5.28614030089161,
	WEIGHT_NEIGHBOR_TAKEN = -3.48973447876337
};
