File info:
Boardsize: 7 x 6
Particles: 30
Iterations: 1
Games Played Per Iteration: 900
Games Played: 900
Games Played Per Minute: 1279,27744287374
MAX_SCORE: 2475
Cores: 14
Start Time: 19.09.2023 15:26:29
End Time: 19.09.2023 15:27:11
Total Time: 00:00:42.2113282
Boardsize: 7 x 6
Engine Depth: 4

Win Values:
VALUE_WIN_YELLOW: 2,5
VALUE_DRAW_YELLOW: 0,5
VALUE_LOSS_YELLOW: -3
VALUE_WIN_RED: 3
VALUE_DRAW_RED: 0,6
VALUE_LOSS_RED: -1,8


Best Global Particle:

Best Global Particle Score Internally: 70,0166666666667
{
	NAME = "Particle-GLOBAL-BEST",

	WEIGHT_SCORE_OWN = 1.41706605489229,
	WEIGHT_SCORE_OPPONENT = -0.924785972258442,
	WEIGHT_HAMMINGDISTANCE_OWN = 1.61743834298916,
	WEIGHT_HAMMINGDISTANCE_OPPONENT = 1.45355045704802,

	WEIGHT_FORK_HAMMINGDISTANCE_S = 0.000684598274847792,
	WEIGHT_FORK_HAMMINGDISTANCE_L = 2.40157402977421,

	WEIGHT_WALL_DISTANCE = -1.45439544043243,
	WEIGHT_NEIGHBORS = 0.307313830269181,
	WEIGHT_NEIGHBOR_FREE = -1.03325679205975,
	WEIGHT_NEIGHBOR_OWNED = 0.909641453628261,
	WEIGHT_NEIGHBOR_TAKEN = -0.967357287587299
};
