File info:
Boardsize: 7 x 6
Particles: 30
Iterations: 8
Games Played Per Iteration: 900
Games Played: 7200
Games Played Per Minute: 19882,8227930716
MAX_SCORE: 2475
Cores: 14
Start Time: 19.09.2023 16:11:15
End Time: 19.09.2023 16:11:37
Total Time: 00:00:21.7272972
Boardsize: 7 x 6
Engine Depth: 2

Win Values:
VALUE_WIN_YELLOW: 2,5
VALUE_DRAW_YELLOW: 0,5
VALUE_LOSS_YELLOW: -3
VALUE_WIN_RED: 3
VALUE_DRAW_RED: 0,6
VALUE_LOSS_RED: -1,8


Best Global Particle:

Best Global Particle Score Internally: 463,45
{
	NAME = "Particle-GLOBAL-BEST",

	WEIGHT_SCORE_OWN = -4.59783498621237,
	WEIGHT_SCORE_OPPONENT = 3.0693306959297,
	WEIGHT_HAMMINGDISTANCE_OWN = 6.57627314685562,
	WEIGHT_HAMMINGDISTANCE_OPPONENT = 4.57939996657823,

	WEIGHT_FORK_HAMMINGDISTANCE_S = -1.70033932081457,
	WEIGHT_FORK_HAMMINGDISTANCE_L = -0.27763454654903,

	WEIGHT_WALL_DISTANCE = 6.78014060917524,
	WEIGHT_NEIGHBORS = 9.02276902411006,
	WEIGHT_NEIGHBOR_FREE = -6.69805600362178,
	WEIGHT_NEIGHBOR_OWNED = 6.76992567351344,
	WEIGHT_NEIGHBOR_TAKEN = -2.52212016557676
};
