File info:
Boardsize: 7 x 6
Particles: 30
Iterations: 66
Games Played Per Iteration: 900
Games Played: 59400
Games Played Per Minute: 38939,111468606
MAX_SCORE: 2475
Cores: 14
Start Time: 19.09.2023 16:04:18
End Time: 19.09.2023 16:05:50
Total Time: 00:01:31.5275122
Boardsize: 7 x 6
Engine Depth: 2

Win Values:
VALUE_WIN_YELLOW: 2,5
VALUE_DRAW_YELLOW: 0,5
VALUE_LOSS_YELLOW: -3
VALUE_WIN_RED: 3
VALUE_DRAW_RED: 0,6
VALUE_LOSS_RED: -1,8


Best Global Particle:

Best Global Particle Score Internally: 450,125
{
	NAME = "Particle-GLOBAL-BEST",

	WEIGHT_SCORE_OWN = 2.80061485996784,
	WEIGHT_SCORE_OPPONENT = -1.20036028357645,
	WEIGHT_HAMMINGDISTANCE_OWN = -1.20060372323242,
	WEIGHT_HAMMINGDISTANCE_OPPONENT = 2.53363120668854,

	WEIGHT_FORK_HAMMINGDISTANCE_S = -0.204545043496333,
	WEIGHT_FORK_HAMMINGDISTANCE_L = -0.366701945453203,

	WEIGHT_WALL_DISTANCE = -0.610999787096432,
	WEIGHT_NEIGHBORS = 3.10261937640534,
	WEIGHT_NEIGHBOR_FREE = -2.2812020779059,
	WEIGHT_NEIGHBOR_OWNED = -1.90081965466062,
	WEIGHT_NEIGHBOR_TAKEN = 2.3010115316802
};
