File info:
Boardsize: 7 x 6
Particles: 30
Iterations: 71
Games Played Per Iteration: 900
Games Played: 63900
Games Played Per Minute: 42,9036024143389
MAX_SCORE: 2475
Cores: 16
Start Time: 19.09.2023 16:40:45
End Time: 20.09.2023 17:30:09
Total Time: 1.00:49:23.1253379
Boardsize: 7 x 6
Engine Depth: 6

Win Values:
VALUE_WIN_YELLOW: 2,5
VALUE_DRAW_YELLOW: 0,5
VALUE_LOSS_YELLOW: -3
VALUE_WIN_RED: 3
VALUE_DRAW_RED: 0,6
VALUE_LOSS_RED: -1,8


Best Global Particle:

Best Global Particle Score Internally: 481,325
{
	NAME = "Particle-GLOBAL-BEST",

	WEIGHT_SCORE_OWN = 4.10161585855351,
	WEIGHT_SCORE_OPPONENT = 0.334498071056535,
	WEIGHT_HAMMINGDISTANCE_OWN = -1.78060429935064,
	WEIGHT_HAMMINGDISTANCE_OPPONENT = -2.07477613726152,

	WEIGHT_FORK_HAMMINGDISTANCE_S = -0.989652472173274,
	WEIGHT_FORK_HAMMINGDISTANCE_L = -1.41946362406572,

	WEIGHT_WALL_DISTANCE = 3.31207908898306,
	WEIGHT_NEIGHBORS = 3.74408863380339,
	WEIGHT_NEIGHBOR_FREE = -3.52234303133988,
	WEIGHT_NEIGHBOR_OWNED = -2.07287119390916,
	WEIGHT_NEIGHBOR_TAKEN = -0.768960036054057
};
