File info:
Boardsize: 7 x 6
Particles: 30
Iterations: 30
Games Played Per Iteration: 900
Games Played: 27000
Games Played Per Minute: 67,8790697958572
MAX_SCORE: 2475
Cores: 14
Start Time: 18.09.2023 14:00:02
End Time: 18.09.2023 20:37:48
Total Time: 06:37:45.9723074
Boardsize: 7 x 6
Engine Depth: 6

Win Values:
VALUE_WIN_YELLOW: 2,5
VALUE_DRAW_YELLOW: 0,5
VALUE_LOSS_YELLOW: -3
VALUE_WIN_RED: 3
VALUE_DRAW_RED: 0,6
VALUE_LOSS_RED: -1,8


Best Global Particle:

Best Global Particle Score Internally: 49,4964615384615
{
	NAME = "Particle-GLOBAL-BEST",

	WEIGHT_SCORE_OWN = -1.79584991665563,
	WEIGHT_SCORE_OPPONENT = 0.410858605678213,
	WEIGHT_HAMMINGDISTANCE_OWN = 3.04693607899598,
	WEIGHT_HAMMINGDISTANCE_OPPONENT = -2.60665900006406,

	WEIGHT_FORK_HAMMINGDISTANCE_S = -0.425265619914731,
	WEIGHT_FORK_HAMMINGDISTANCE_L = -1.44085043309639,

	WEIGHT_WALL_DISTANCE = -1.95565264482976,
	WEIGHT_NEIGHBORS = -1.12901979471686,
	WEIGHT_NEIGHBOR_FREE = -0.440099619169836,
	WEIGHT_NEIGHBOR_OWNED = -2.29990171284022,
	WEIGHT_NEIGHBOR_TAKEN = -2.55973100469056
};
