File info:
Boardsize: 7 x 6
Particles: 30
Iterations: 49
Games Played Per Iteration: 900
Games Played: 44100
Games Played Per Minute: 36287,1725363472
MAX_SCORE: 2475
Cores: 14
Start Time: 19.09.2023 16:04:18
End Time: 19.09.2023 16:05:31
Total Time: 00:01:12.9183294
Boardsize: 7 x 6
Engine Depth: 2

Win Values:
VALUE_WIN_YELLOW: 2,5
VALUE_DRAW_YELLOW: 0,5
VALUE_LOSS_YELLOW: -3
VALUE_WIN_RED: 3
VALUE_DRAW_RED: 0,6
VALUE_LOSS_RED: -1,8


Best Global Particle:

Best Global Particle Score Internally: 450,125
{
	NAME = "Particle-GLOBAL-BEST",

	WEIGHT_SCORE_OWN = 2.80973272837021,
	WEIGHT_SCORE_OPPONENT = -1.20570294089719,
	WEIGHT_HAMMINGDISTANCE_OWN = -1.20955706457677,
	WEIGHT_HAMMINGDISTANCE_OPPONENT = 2.53363035950407,

	WEIGHT_FORK_HAMMINGDISTANCE_S = -0.204545010961653,
	WEIGHT_FORK_HAMMINGDISTANCE_L = -0.36670166334276,

	WEIGHT_WALL_DISTANCE = -0.610996707630866,
	WEIGHT_NEIGHBORS = 3.14146665874531,
	WEIGHT_NEIGHBOR_FREE = -2.28120013002345,
	WEIGHT_NEIGHBOR_OWNED = -1.9129744838322,
	WEIGHT_NEIGHBOR_TAKEN = 2.31601334241889
};
