File info:
Boardsize: 7 x 6
Particles: 30
Iterations: 16
Games Played Per Iteration: 900
Games Played: 14400
Games Played Per Minute: 19387,3736237753
MAX_SCORE: 2475
Cores: 14
Start Time: 19.09.2023 16:11:15
End Time: 19.09.2023 16:11:59
Total Time: 00:00:44.5650874
Boardsize: 7 x 6
Engine Depth: 2

Win Values:
VALUE_WIN_YELLOW: 2,5
VALUE_DRAW_YELLOW: 0,5
VALUE_LOSS_YELLOW: -3
VALUE_WIN_RED: 3
VALUE_DRAW_RED: 0,6
VALUE_LOSS_RED: -1,8


Best Global Particle:

Best Global Particle Score Internally: 512,525
{
	NAME = "Particle-GLOBAL-BEST",

	WEIGHT_SCORE_OWN = -2.76778774769021,
	WEIGHT_SCORE_OPPONENT = 3.46629225684396,
	WEIGHT_HAMMINGDISTANCE_OWN = 3.99345126888726,
	WEIGHT_HAMMINGDISTANCE_OPPONENT = 5.71765996541675,

	WEIGHT_FORK_HAMMINGDISTANCE_S = 0.387892844295157,
	WEIGHT_FORK_HAMMINGDISTANCE_L = -1.12936648811299,

	WEIGHT_WALL_DISTANCE = 5.01844281941289,
	WEIGHT_NEIGHBORS = 4.75179573888843,
	WEIGHT_NEIGHBOR_FREE = -5.0356342084168,
	WEIGHT_NEIGHBOR_OWNED = 5.21844395003836,
	WEIGHT_NEIGHBOR_TAKEN = -2.82309833054953
};
