File info:
Boardsize: 7 x 6
Particles: 30
Iterations: 75
Games Played Per Iteration: 900
Games Played: 67500
Games Played Per Minute: 40351,9495847166
MAX_SCORE: 2475
Cores: 14
Start Time: 19.09.2023 16:04:18
End Time: 19.09.2023 16:05:59
Total Time: 00:01:40.3668978
Boardsize: 7 x 6
Engine Depth: 2

Win Values:
VALUE_WIN_YELLOW: 2,5
VALUE_DRAW_YELLOW: 0,5
VALUE_LOSS_YELLOW: -3
VALUE_WIN_RED: 3
VALUE_DRAW_RED: 0,6
VALUE_LOSS_RED: -1,8


Best Global Particle:

Best Global Particle Score Internally: 450,125
{
	NAME = "Particle-GLOBAL-BEST",

	WEIGHT_SCORE_OWN = 2.80014241301605,
	WEIGHT_SCORE_OPPONENT = -1.20008344838979,
	WEIGHT_HAMMINGDISTANCE_OWN = -1.20013983347291,
	WEIGHT_HAMMINGDISTANCE_OPPONENT = 2.53363120711059,

	WEIGHT_FORK_HAMMINGDISTANCE_S = -0.204545043512541,
	WEIGHT_FORK_HAMMINGDISTANCE_L = -0.366701945593744,

	WEIGHT_WALL_DISTANCE = -0.610999788630555,
	WEIGHT_NEIGHBORS = 3.10060669589755,
	WEIGHT_NEIGHBOR_FREE = -2.2812020788763,
	WEIGHT_NEIGHBOR_OWNED = -1.90018984727719,
	WEIGHT_NEIGHBOR_TAKEN = 2.30023428939228
};
