File info:
Boardsize: 7 x 6
Particles: 30
Iterations: 9
Games Played Per Iteration: 900
Games Played: 8100
Games Played Per Minute: 20140,9119534729
MAX_SCORE: 2475
Cores: 14
Start Time: 19.09.2023 16:11:15
End Time: 19.09.2023 16:11:39
Total Time: 00:00:24.1299898
Boardsize: 7 x 6
Engine Depth: 2

Win Values:
VALUE_WIN_YELLOW: 2,5
VALUE_DRAW_YELLOW: 0,5
VALUE_LOSS_YELLOW: -3
VALUE_WIN_RED: 3
VALUE_DRAW_RED: 0,6
VALUE_LOSS_RED: -1,8


Best Global Particle:

Best Global Particle Score Internally: 463,45
{
	NAME = "Particle-GLOBAL-BEST",

	WEIGHT_SCORE_OWN = -4.44891463623077,
	WEIGHT_SCORE_OPPONENT = 3.18620544209687,
	WEIGHT_HAMMINGDISTANCE_OWN = 6.42678755382425,
	WEIGHT_HAMMINGDISTANCE_OPPONENT = 4.78890215813367,

	WEIGHT_FORK_HAMMINGDISTANCE_S = -1.73604152413944,
	WEIGHT_FORK_HAMMINGDISTANCE_L = -0.289526978207891,

	WEIGHT_WALL_DISTANCE = 6.67672020319777,
	WEIGHT_NEIGHBORS = 8.85026560046947,
	WEIGHT_NEIGHBOR_FREE = -6.68807027825744,
	WEIGHT_NEIGHBOR_OWNED = 7.02957968138896,
	WEIGHT_NEIGHBOR_TAKEN = -2.36795420928441
};
