File info:
Boardsize: 7 x 6
Particles: 30
Iterations: 29
Games Played Per Iteration: 900
Games Played: 26100
Games Played Per Minute: 115,581577641938
MAX_SCORE: 2475
Cores: 16
Start Time: 19.09.2023 16:55:59
End Time: 19.09.2023 20:41:48
Total Time: 03:45:48.8719911
Boardsize: 7 x 6
Engine Depth: 6

Win Values:
VALUE_WIN_YELLOW: 2,5
VALUE_DRAW_YELLOW: 0,5
VALUE_LOSS_YELLOW: -3
VALUE_WIN_RED: 3
VALUE_DRAW_RED: 0,6
VALUE_LOSS_RED: -1,8


Best Global Particle:

Best Global Particle Score Internally: 465,725
{
	NAME = "Particle-GLOBAL-BEST",

	WEIGHT_SCORE_OWN = 3.05945230129976,
	WEIGHT_SCORE_OPPONENT = -0.263153466492217,
	WEIGHT_HAMMINGDISTANCE_OWN = -4.26642193760303,
	WEIGHT_HAMMINGDISTANCE_OPPONENT = -1.33176936031922,

	WEIGHT_FORK_HAMMINGDISTANCE_S = -0.7047867667676,
	WEIGHT_FORK_HAMMINGDISTANCE_L = -1.22956436413882,

	WEIGHT_WALL_DISTANCE = 3.50732262922183,
	WEIGHT_NEIGHBORS = 4.93129774673909,
	WEIGHT_NEIGHBOR_FREE = -5.15751105057409,
	WEIGHT_NEIGHBOR_OWNED = -2.4862796233078,
	WEIGHT_NEIGHBOR_TAKEN = -3.35346774760343
};
