File info:
Boardsize: 7 x 6
Particles: 30
Iterations: 56
Games Played Per Iteration: 900
Games Played: 50400
Games Played Per Minute: 78,7510754458096
MAX_SCORE: 2475
Cores: 16
Start Time: 19.09.2023 16:40:45
End Time: 20.09.2023 03:20:45
Total Time: 10:39:59.4755993
Boardsize: 7 x 6
Engine Depth: 6

Win Values:
VALUE_WIN_YELLOW: 2,5
VALUE_DRAW_YELLOW: 0,5
VALUE_LOSS_YELLOW: -3
VALUE_WIN_RED: 3
VALUE_DRAW_RED: 0,6
VALUE_LOSS_RED: -1,8


Best Global Particle:

Best Global Particle Score Internally: 441,025
{
	NAME = "Particle-GLOBAL-BEST",

	WEIGHT_SCORE_OWN = 2.22876752896094,
	WEIGHT_SCORE_OPPONENT = -0.0200344072198482,
	WEIGHT_HAMMINGDISTANCE_OWN = -2.02768182367664,
	WEIGHT_HAMMINGDISTANCE_OPPONENT = 0.960561721691086,

	WEIGHT_FORK_HAMMINGDISTANCE_S = -1.29642492166104,
	WEIGHT_FORK_HAMMINGDISTANCE_L = -1.37785477401066,

	WEIGHT_WALL_DISTANCE = 6.82678329631864,
	WEIGHT_NEIGHBORS = 2.91368594548835,
	WEIGHT_NEIGHBOR_FREE = -2.32164531833363,
	WEIGHT_NEIGHBOR_OWNED = -2.44534670269992,
	WEIGHT_NEIGHBOR_TAKEN = -3.8613230866228
};
