File info:
Boardsize: 7 x 6
Particles: 30
Iterations: 25
Games Played Per Iteration: 900
Games Played: 22500
Games Played Per Minute: 17132,7232947581
MAX_SCORE: 2475
Cores: 14
Start Time: 19.09.2023 15:32:16
End Time: 19.09.2023 15:33:35
Total Time: 00:01:18.7965799
Boardsize: 7 x 6
Engine Depth: 2

Win Values:
VALUE_WIN_YELLOW: 2,5
VALUE_DRAW_YELLOW: 0,5
VALUE_LOSS_YELLOW: -3
VALUE_WIN_RED: 3
VALUE_DRAW_RED: 0,6
VALUE_LOSS_RED: -1,8


Best Global Particle:

Best Global Particle Score Internally: 1005,875
{
	NAME = "Particle-GLOBAL-BEST",

	WEIGHT_SCORE_OWN = 4.3512937739025,
	WEIGHT_SCORE_OPPONENT = 3.33414069942961,
	WEIGHT_HAMMINGDISTANCE_OWN = 5.01363104375286,
	WEIGHT_HAMMINGDISTANCE_OPPONENT = -2.78437334355502,

	WEIGHT_FORK_HAMMINGDISTANCE_S = -3.43653550891859,
	WEIGHT_FORK_HAMMINGDISTANCE_L = 3.37408113652671,

	WEIGHT_WALL_DISTANCE = -3.5847003342932,
	WEIGHT_NEIGHBORS = -3.47158741750354,
	WEIGHT_NEIGHBOR_FREE = -2.47562923012293,
	WEIGHT_NEIGHBOR_OWNED = -4.22336567419845,
	WEIGHT_NEIGHBOR_TAKEN = -3.07877980025328
};
