File info:
Boardsize: 7 x 6
Particles: 30
Iterations: 66
Games Played Per Iteration: 900
Games Played: 59400
Games Played Per Minute: 14007,1318152694
MAX_SCORE: 2475
Cores: 14
Start Time: 19.09.2023 16:11:15
End Time: 19.09.2023 16:15:29
Total Time: 00:04:14.4418120
Boardsize: 7 x 6
Engine Depth: 2

Win Values:
VALUE_WIN_YELLOW: 2,5
VALUE_DRAW_YELLOW: 0,5
VALUE_LOSS_YELLOW: -3
VALUE_WIN_RED: 3
VALUE_DRAW_RED: 0,6
VALUE_LOSS_RED: -1,8


Best Global Particle:

Best Global Particle Score Internally: 512,525
{
	NAME = "Particle-GLOBAL-BEST",

	WEIGHT_SCORE_OWN = -1.20083235726825,
	WEIGHT_SCORE_OPPONENT = 2.80080206599347,
	WEIGHT_HAMMINGDISTANCE_OWN = 2.25258412453394,
	WEIGHT_HAMMINGDISTANCE_OPPONENT = 2.80444523374299,

	WEIGHT_FORK_HAMMINGDISTANCE_S = 2.19035292969575,
	WEIGHT_FORK_HAMMINGDISTANCE_L = -1.20177721538832,

	WEIGHT_WALL_DISTANCE = 3.20058626330457,
	WEIGHT_NEIGHBORS = 2.71818614170355,
	WEIGHT_NEIGHBOR_FREE = -2.3020095269425,
	WEIGHT_NEIGHBOR_OWNED = 3.30002931298234,
	WEIGHT_NEIGHBOR_TAKEN = -2.20038765304023
};
