File info:
Boardsize: 7 x 6
Particles: 30
Iterations: 16
Games Played Per Iteration: 900
Games Played: 14400
Games Played Per Minute: 67,109292984599
MAX_SCORE: 2475
Cores: 14
Start Time: 18.09.2023 14:00:02
End Time: 18.09.2023 17:34:36
Total Time: 03:34:34.5209728
Boardsize: 7 x 6
Engine Depth: 6

Win Values:
VALUE_WIN_YELLOW: 2,5
VALUE_DRAW_YELLOW: 0,5
VALUE_LOSS_YELLOW: -3
VALUE_WIN_RED: 3
VALUE_DRAW_RED: 0,6
VALUE_LOSS_RED: -1,8


Best Global Particle:

Best Global Particle Score Internally: 49,4946153846154
{
	NAME = "Particle-GLOBAL-BEST",

	WEIGHT_SCORE_OWN = 0.301838471870526,
	WEIGHT_SCORE_OPPONENT = -1.22451352422634,
	WEIGHT_HAMMINGDISTANCE_OWN = 4.42901540900787,
	WEIGHT_HAMMINGDISTANCE_OPPONENT = -2.25671013724582,

	WEIGHT_FORK_HAMMINGDISTANCE_S = 0.344435472060949,
	WEIGHT_FORK_HAMMINGDISTANCE_L = -3.80358982195353,

	WEIGHT_WALL_DISTANCE = -1.50158646573611,
	WEIGHT_NEIGHBORS = -0.518207784133896,
	WEIGHT_NEIGHBOR_FREE = -0.47676627868009,
	WEIGHT_NEIGHBOR_OWNED = -0.808722915233662,
	WEIGHT_NEIGHBOR_TAKEN = -1.3968062936949
};
