File info:
Boardsize: 7 x 6
Particles: 30
Iterations: 72
Games Played Per Iteration: 900
Games Played: 64800
Games Played Per Minute: 13702,9618379646
MAX_SCORE: 2475
Cores: 14
Start Time: 19.09.2023 16:11:15
End Time: 19.09.2023 16:15:59
Total Time: 00:04:43.7342792
Boardsize: 7 x 6
Engine Depth: 2

Win Values:
VALUE_WIN_YELLOW: 2,5
VALUE_DRAW_YELLOW: 0,5
VALUE_LOSS_YELLOW: -3
VALUE_WIN_RED: 3
VALUE_DRAW_RED: 0,6
VALUE_LOSS_RED: -1,8


Best Global Particle:

Best Global Particle Score Internally: 512,525
{
	NAME = "Particle-GLOBAL-BEST",

	WEIGHT_SCORE_OWN = -1.20031392314539,
	WEIGHT_SCORE_OPPONENT = 2.80030249880888,
	WEIGHT_HAMMINGDISTANCE_OWN = 2.25258412449625,
	WEIGHT_HAMMINGDISTANCE_OPPONENT = 2.80167651780005,

	WEIGHT_FORK_HAMMINGDISTANCE_S = 2.19035292974253,
	WEIGHT_FORK_HAMMINGDISTANCE_L = -1.20067027594647,

	WEIGHT_WALL_DISTANCE = 3.20022110892198,
	WEIGHT_NEIGHBORS = 2.71818614166477,
	WEIGHT_NEIGHBOR_FREE = -2.30075789212876,
	WEIGHT_NEIGHBOR_OWNED = 3.30001105537003,
	WEIGHT_NEIGHBOR_TAKEN = -2.20014620315902
};
