File info:
Boardsize: 7 x 6
Particles: 30
Iterations: 35
Games Played Per Iteration: 900
Games Played: 31500
Games Played Per Minute: 34219,5858439374
MAX_SCORE: 2475
Cores: 14
Start Time: 19.09.2023 16:04:18
End Time: 19.09.2023 16:05:13
Total Time: 00:00:55.2315276
Boardsize: 7 x 6
Engine Depth: 2

Win Values:
VALUE_WIN_YELLOW: 2,5
VALUE_DRAW_YELLOW: 0,5
VALUE_LOSS_YELLOW: -3
VALUE_WIN_RED: 3
VALUE_DRAW_RED: 0,6
VALUE_LOSS_RED: -1,8


Best Global Particle:

Best Global Particle Score Internally: 450,125
{
	NAME = "Particle-GLOBAL-BEST",

	WEIGHT_SCORE_OWN = 2.8898901888425,
	WEIGHT_SCORE_OPPONENT = -1.25264485902003,
	WEIGHT_HAMMINGDISTANCE_OWN = -1.28858594487646,
	WEIGHT_HAMMINGDISTANCE_OPPONENT = 2.53319300082005,

	WEIGHT_FORK_HAMMINGDISTANCE_S = -0.204528214944362,
	WEIGHT_FORK_HAMMINGDISTANCE_L = -0.366556023924718,

	WEIGHT_WALL_DISTANCE = -0.609406934602432,
	WEIGHT_NEIGHBORS = 3.48506960314542,
	WEIGHT_NEIGHBOR_FREE = -2.28019453638309,
	WEIGHT_NEIGHBOR_OWNED = -2.01984271890757,
	WEIGHT_NEIGHBOR_TAKEN = 2.44872969303343
};
