File info:
Boardsize: 7 x 6
Particles: 30
Iterations: 55
Games Played Per Iteration: 900
Games Played: 49500
Games Played Per Minute: 51686,6039329938
MAX_SCORE: 2475
Cores: 14
Start Time: 19.09.2023 15:34:07
End Time: 19.09.2023 15:35:04
Total Time: 00:00:57.4616975
Boardsize: 7 x 6
Engine Depth: 2

Win Values:
VALUE_WIN_YELLOW: 2,5
VALUE_DRAW_YELLOW: 0,5
VALUE_LOSS_YELLOW: -3
VALUE_WIN_RED: 3
VALUE_DRAW_RED: 0,6
VALUE_LOSS_RED: -1,8


Best Global Particle:

Best Global Particle Score Internally: 432,25
{
	NAME = "Particle-GLOBAL-BEST",

	WEIGHT_SCORE_OWN = 3.71827590537879,
	WEIGHT_SCORE_OPPONENT = 1.65189188896393,
	WEIGHT_HAMMINGDISTANCE_OWN = -1.86501647635599,
	WEIGHT_HAMMINGDISTANCE_OPPONENT = -2.57768049481552,

	WEIGHT_FORK_HAMMINGDISTANCE_S = -1.3785376522904,
	WEIGHT_FORK_HAMMINGDISTANCE_L = 0.565522935748299,

	WEIGHT_WALL_DISTANCE = -2.55951898895211,
	WEIGHT_NEIGHBORS = -2.05426704680172,
	WEIGHT_NEIGHBOR_FREE = -3.18514865111025,
	WEIGHT_NEIGHBOR_OWNED = -1.91655774314329,
	WEIGHT_NEIGHBOR_TAKEN = -0.250192388636641
};
