File info:
Boardsize: 7 x 6
Particles: 30
Iterations: 19
Games Played Per Iteration: 900
Games Played: 17100
Games Played Per Minute: 30925,6769475453
MAX_SCORE: 2475
Cores: 14
Start Time: 19.09.2023 16:04:18
End Time: 19.09.2023 16:04:51
Total Time: 00:00:33.1763150
Boardsize: 7 x 6
Engine Depth: 2

Win Values:
VALUE_WIN_YELLOW: 2,5
VALUE_DRAW_YELLOW: 0,5
VALUE_LOSS_YELLOW: -3
VALUE_WIN_RED: 3
VALUE_DRAW_RED: 0,6
VALUE_LOSS_RED: -1,8


Best Global Particle:

Best Global Particle Score Internally: 450,125
{
	NAME = "Particle-GLOBAL-BEST",

	WEIGHT_SCORE_OWN = 3.5501529855149,
	WEIGHT_SCORE_OPPONENT = -1.63663730528862,
	WEIGHT_HAMMINGDISTANCE_OWN = -1.971331154733,
	WEIGHT_HAMMINGDISTANCE_OPPONENT = 2.50744261368892,

	WEIGHT_FORK_HAMMINGDISTANCE_S = -0.203539315070445,
	WEIGHT_FORK_HAMMINGDISTANCE_L = -0.357981205284676,

	WEIGHT_WALL_DISTANCE = -0.515805795701585,
	WEIGHT_NEIGHBORS = 6.52400813961566,
	WEIGHT_NEIGHBOR_FREE = -2.22098815388348,
	WEIGHT_NEIGHBOR_OWNED = -2.90133330242742,
	WEIGHT_NEIGHBOR_TAKEN = 3.62508364950609
};
