File info:
Boardsize: 7 x 6
Particles: 30
Iterations: 41
Games Played Per Iteration: 900
Games Played: 36900
Games Played Per Minute: 71,2789784113505
MAX_SCORE: 2475
Cores: 14
Start Time: 18.09.2023 14:00:02
End Time: 18.09.2023 22:37:43
Total Time: 08:37:41.0512292
Boardsize: 7 x 6
Engine Depth: 6

Win Values:
VALUE_WIN_YELLOW: 2,5
VALUE_DRAW_YELLOW: 0,5
VALUE_LOSS_YELLOW: -3
VALUE_WIN_RED: 3
VALUE_DRAW_RED: 0,6
VALUE_LOSS_RED: -1,8


Best Global Particle:

Best Global Particle Score Internally: 49,4964615384615
{
	NAME = "Particle-GLOBAL-BEST",

	WEIGHT_SCORE_OWN = -1.34924884346861,
	WEIGHT_SCORE_OPPONENT = 0.449411696402372,
	WEIGHT_HAMMINGDISTANCE_OWN = 2.84631567702404,
	WEIGHT_HAMMINGDISTANCE_OPPONENT = -2.29084496478328,

	WEIGHT_FORK_HAMMINGDISTANCE_S = -0.484270494274661,
	WEIGHT_FORK_HAMMINGDISTANCE_L = -1.24103365288783,

	WEIGHT_WALL_DISTANCE = -1.84124265939904,
	WEIGHT_NEIGHBORS = -1.17291307693451,
	WEIGHT_NEIGHBOR_FREE = -0.438683338073448,
	WEIGHT_NEIGHBOR_OWNED = -1.99437448908907,
	WEIGHT_NEIGHBOR_TAKEN = -2.3019184707189
};
