File info:
Boardsize: 7 x 6
Particles: 30
Iterations: 68
Games Played Per Iteration: 900
Games Played: 61200
Games Played Per Minute: 13874,9886466545
MAX_SCORE: 2475
Cores: 14
Start Time: 19.09.2023 16:11:15
End Time: 19.09.2023 16:15:39
Total Time: 00:04:24.6488652
Boardsize: 7 x 6
Engine Depth: 2

Win Values:
VALUE_WIN_YELLOW: 2,5
VALUE_DRAW_YELLOW: 0,5
VALUE_LOSS_YELLOW: -3
VALUE_WIN_RED: 3
VALUE_DRAW_RED: 0,6
VALUE_LOSS_RED: -1,8


Best Global Particle:

Best Global Particle Score Internally: 512,525
{
	NAME = "Particle-GLOBAL-BEST",

	WEIGHT_SCORE_OWN = -1.20060137813352,
	WEIGHT_SCORE_OPPONENT = 2.80057949269211,
	WEIGHT_HAMMINGDISTANCE_OWN = 2.25258412450243,
	WEIGHT_HAMMINGDISTANCE_OPPONENT = 2.80321168144934,

	WEIGHT_FORK_HAMMINGDISTANCE_S = 2.19035292973485,
	WEIGHT_FORK_HAMMINGDISTANCE_L = -1.20128403815321,

	WEIGHT_WALL_DISTANCE = 3.2004235752385,
	WEIGHT_NEIGHBORS = 2.71818614167114,
	WEIGHT_NEIGHBOR_FREE = -2.30145188323942,
	WEIGHT_NEIGHBOR_OWNED = 3.30002117861922,
	WEIGHT_NEIGHBOR_TAKEN = -2.20028007932554
};
