File info:
Boardsize: 7 x 6
Particles: 30
Iterations: 38
Games Played Per Iteration: 900
Games Played: 34200
Games Played Per Minute: 98,7790944140067
MAX_SCORE: 2475
Cores: 16
Start Time: 19.09.2023 16:55:59
End Time: 19.09.2023 22:42:13
Total Time: 05:46:13.6263647
Boardsize: 7 x 6
Engine Depth: 6

Win Values:
VALUE_WIN_YELLOW: 2,5
VALUE_DRAW_YELLOW: 0,5
VALUE_LOSS_YELLOW: -3
VALUE_WIN_RED: 3
VALUE_DRAW_RED: 0,6
VALUE_LOSS_RED: -1,8


Best Global Particle:

Best Global Particle Score Internally: 481,325
{
	NAME = "Particle-GLOBAL-BEST",

	WEIGHT_SCORE_OWN = 4.29231887127124,
	WEIGHT_SCORE_OPPONENT = 0.337995310930307,
	WEIGHT_HAMMINGDISTANCE_OWN = -1.88095159479038,
	WEIGHT_HAMMINGDISTANCE_OPPONENT = -2.00729239746876,

	WEIGHT_FORK_HAMMINGDISTANCE_S = -0.996211905758267,
	WEIGHT_FORK_HAMMINGDISTANCE_L = -1.43118611972066,

	WEIGHT_WALL_DISTANCE = 3.32963224371754,
	WEIGHT_NEIGHBORS = 3.88252993941297,
	WEIGHT_NEIGHBOR_FREE = -3.71555997156634,
	WEIGHT_NEIGHBOR_OWNED = -2.10097115309552,
	WEIGHT_NEIGHBOR_TAKEN = -0.825465513213764
};
