File info:
Boardsize: 7 x 6
Particles: 30
Iterations: 63
Games Played Per Iteration: 900
Games Played: 56700
Games Played Per Minute: 49644,4556603492
MAX_SCORE: 2475
Cores: 14
Start Time: 19.09.2023 15:34:07
End Time: 19.09.2023 15:35:15
Total Time: 00:01:08.5272898
Boardsize: 7 x 6
Engine Depth: 2

Win Values:
VALUE_WIN_YELLOW: 2,5
VALUE_DRAW_YELLOW: 0,5
VALUE_LOSS_YELLOW: -3
VALUE_WIN_RED: 3
VALUE_DRAW_RED: 0,6
VALUE_LOSS_RED: -1,8


Best Global Particle:

Best Global Particle Score Internally: 432,25
{
	NAME = "Particle-GLOBAL-BEST",

	WEIGHT_SCORE_OWN = 3.05080086479942,
	WEIGHT_SCORE_OPPONENT = 1.65188658492045,
	WEIGHT_HAMMINGDISTANCE_OWN = -1.38168015811678,
	WEIGHT_HAMMINGDISTANCE_OPPONENT = -2.30314040680963,

	WEIGHT_FORK_HAMMINGDISTANCE_S = -1.24867656762422,
	WEIGHT_FORK_HAMMINGDISTANCE_L = 0.565097768284288,

	WEIGHT_WALL_DISTANCE = -2.00740073194151,
	WEIGHT_NEIGHBORS = -2.01481529842708,
	WEIGHT_NEIGHBOR_FREE = -2.54217958502213,
	WEIGHT_NEIGHBOR_OWNED = -1.90445339126561,
	WEIGHT_NEIGHBOR_TAKEN = -0.249653093577731
};
