File info:
Boardsize: 7 x 6
Particles: 30
Iterations: 14
Games Played Per Iteration: 900
Games Played: 12600
Games Played Per Minute: 19318,6671514903
MAX_SCORE: 2475
Cores: 14
Start Time: 19.09.2023 16:11:15
End Time: 19.09.2023 16:11:54
Total Time: 00:00:39.1331345
Boardsize: 7 x 6
Engine Depth: 2

Win Values:
VALUE_WIN_YELLOW: 2,5
VALUE_DRAW_YELLOW: 0,5
VALUE_LOSS_YELLOW: -3
VALUE_WIN_RED: 3
VALUE_DRAW_RED: 0,6
VALUE_LOSS_RED: -1,8


Best Global Particle:

Best Global Particle Score Internally: 463,45
{
	NAME = "Particle-GLOBAL-BEST",

	WEIGHT_SCORE_OWN = -3.36104646240778,
	WEIGHT_SCORE_OPPONENT = 3.28502771883205,
	WEIGHT_HAMMINGDISTANCE_OWN = 5.24079633236244,
	WEIGHT_HAMMINGDISTANCE_OPPONENT = 4.63263791335519,

	WEIGHT_FORK_HAMMINGDISTANCE_S = -1.65872929395735,
	WEIGHT_FORK_HAMMINGDISTANCE_L = -0.323618174855216,

	WEIGHT_WALL_DISTANCE = 5.60740787587226,
	WEIGHT_NEIGHBORS = 7.07923062713072,
	WEIGHT_NEIGHBOR_FREE = -5.54281017160657,
	WEIGHT_NEIGHBOR_OWNED = 6.51074303979471,
	WEIGHT_NEIGHBOR_TAKEN = -2.00110517415091
};
