File info:
Boardsize: 7 x 6
Particles: 30
Iterations: 12
Games Played Per Iteration: 900
Games Played: 10800
Games Played Per Minute: 27197,3712095453
MAX_SCORE: 2475
Cores: 14
Start Time: 19.09.2023 16:04:18
End Time: 19.09.2023 16:04:42
Total Time: 00:00:23.8258321
Boardsize: 7 x 6
Engine Depth: 2

Win Values:
VALUE_WIN_YELLOW: 2,5
VALUE_DRAW_YELLOW: 0,5
VALUE_LOSS_YELLOW: -3
VALUE_WIN_RED: 3
VALUE_DRAW_RED: 0,6
VALUE_LOSS_RED: -1,8


Best Global Particle:

Best Global Particle Score Internally: 450,125
{
	NAME = "Particle-GLOBAL-BEST",

	WEIGHT_SCORE_OWN = 4.20053076491732,
	WEIGHT_SCORE_OPPONENT = -2.006324123348,
	WEIGHT_HAMMINGDISTANCE_OWN = -2.74563982407825,
	WEIGHT_HAMMINGDISTANCE_OPPONENT = 2.42651463265132,

	WEIGHT_FORK_HAMMINGDISTANCE_S = -0.20043141343631,
	WEIGHT_FORK_HAMMINGDISTANCE_L = -0.331032377029465,

	WEIGHT_WALL_DISTANCE = -0.221637356388804,
	WEIGHT_NEIGHBORS = 10.1857637115292,
	WEIGHT_NEIGHBOR_FREE = -2.03491510667711,
	WEIGHT_NEIGHBOR_OWNED = -3.7734998086879,
	WEIGHT_NEIGHBOR_TAKEN = 5.05018203790314
};
