File info:
Boardsize: 7 x 6
Particles: 30
Iterations: 22
Games Played Per Iteration: 900
Games Played: 19800
Games Played Per Minute: 84,0878455424594
MAX_SCORE: 2475
Cores: 14
Start Time: 17.09.2023 23:14:59
End Time: 18.09.2023 03:10:27
Total Time: 03:55:28.0822732
Boardsize: 7 x 6
Engine Depth: 6

Win Values:
VALUE_WIN_YELLOW: 2,5
VALUE_DRAW_YELLOW: 0,5
VALUE_LOSS_YELLOW: -3
VALUE_WIN_RED: 3
VALUE_DRAW_RED: 0,6
VALUE_LOSS_RED: -1,8


Best Global Particle:

Best Global Particle Score Internally: 49,6570769230769
{
	NAME = "Particle-GLOBAL-BEST",

	WEIGHT_SCORE_OWN = 2.7312658327098,
	WEIGHT_SCORE_OPPONENT = -0.461628130763766,
	WEIGHT_HAMMINGDISTANCE_OWN = -0.510909418088427,
	WEIGHT_HAMMINGDISTANCE_OPPONENT = 1.79997715601787,

	WEIGHT_FORK_HAMMINGDISTANCE_S = -0.0637583159656427,
	WEIGHT_FORK_HAMMINGDISTANCE_L = -1.12809810025774,

	WEIGHT_WALL_DISTANCE = 1.22686147974059,
	WEIGHT_NEIGHBORS = 0.0483858179101983,
	WEIGHT_NEIGHBOR_FREE = 1.73982666566001,
	WEIGHT_NEIGHBOR_OWNED = 2.67941603849653,
	WEIGHT_NEIGHBOR_TAKEN = 0.409712480627614
};
