File info:
Boardsize: 7 x 6
Particles: 30
Iterations: 25
Games Played Per Iteration: 900
Games Played: 22500
Games Played Per Minute: 123,93469023738
MAX_SCORE: 2475
Cores: 16
Start Time: 19.09.2023 16:55:59
End Time: 19.09.2023 19:57:32
Total Time: 03:01:32.8339387
Boardsize: 7 x 6
Engine Depth: 6

Win Values:
VALUE_WIN_YELLOW: 2,5
VALUE_DRAW_YELLOW: 0,5
VALUE_LOSS_YELLOW: -3
VALUE_WIN_RED: 3
VALUE_DRAW_RED: 0,6
VALUE_LOSS_RED: -1,8


Best Global Particle:

Best Global Particle Score Internally: 427,7
{
	NAME = "Particle-GLOBAL-BEST",

	WEIGHT_SCORE_OWN = 0.461512671652494,
	WEIGHT_SCORE_OPPONENT = -1.14200239840773,
	WEIGHT_HAMMINGDISTANCE_OWN = -6.08012670239791,
	WEIGHT_HAMMINGDISTANCE_OPPONENT = -1.23662920464726,

	WEIGHT_FORK_HAMMINGDISTANCE_S = 0.936062880677295,
	WEIGHT_FORK_HAMMINGDISTANCE_L = -1.00884415718139,

	WEIGHT_WALL_DISTANCE = 3.68860124621898,
	WEIGHT_NEIGHBORS = 3.17119582659275,
	WEIGHT_NEIGHBOR_FREE = -4.6721310774027,
	WEIGHT_NEIGHBOR_OWNED = -2.60964438555365,
	WEIGHT_NEIGHBOR_TAKEN = 0.859249972635612
};
