File info:
Boardsize: 7 x 6
Particles: 30
Iterations: 13
Games Played Per Iteration: 900
Games Played: 11700
Games Played Per Minute: 27920,7307703206
MAX_SCORE: 2475
Cores: 14
Start Time: 19.09.2023 16:04:18
End Time: 19.09.2023 16:04:43
Total Time: 00:00:25.1426084
Boardsize: 7 x 6
Engine Depth: 2

Win Values:
VALUE_WIN_YELLOW: 2,5
VALUE_DRAW_YELLOW: 0,5
VALUE_LOSS_YELLOW: -3
VALUE_WIN_RED: 3
VALUE_DRAW_RED: 0,6
VALUE_LOSS_RED: -1,8


Best Global Particle:

Best Global Particle Score Internally: 450,125
{
	NAME = "Particle-GLOBAL-BEST",

	WEIGHT_SCORE_OWN = 4.11718761114464,
	WEIGHT_SCORE_OPPONENT = -1.96034151262972,
	WEIGHT_HAMMINGDISTANCE_OWN = -2.62986686826785,
	WEIGHT_HAMMINGDISTANCE_OPPONENT = 2.44591886157677,

	WEIGHT_FORK_HAMMINGDISTANCE_S = -0.201176599884969,
	WEIGHT_FORK_HAMMINGDISTANCE_L = -0.337493939841638,

	WEIGHT_WALL_DISTANCE = -0.29217058440071,
	WEIGHT_NEIGHBORS = 9.60786836058567,
	WEIGHT_NEIGHBOR_FREE = -2.07953013300739,
	WEIGHT_NEIGHBOR_OWNED = -3.66110568139479,
	WEIGHT_NEIGHBOR_TAKEN = 4.82425659949469
};
