File info:
Boardsize: 7 x 6
Particles: 30
Iterations: 49
Games Played Per Iteration: 900
Games Played: 44100
Games Played Per Minute: 15459,063832548
MAX_SCORE: 2475
Cores: 14
Start Time: 19.09.2023 16:11:15
End Time: 19.09.2023 16:14:06
Total Time: 00:02:51.1617229
Boardsize: 7 x 6
Engine Depth: 2

Win Values:
VALUE_WIN_YELLOW: 2,5
VALUE_DRAW_YELLOW: 0,5
VALUE_LOSS_YELLOW: -3
VALUE_WIN_RED: 3
VALUE_DRAW_RED: 0,6
VALUE_LOSS_RED: -1,8


Best Global Particle:

Best Global Particle Score Internally: 512,525
{
	NAME = "Particle-GLOBAL-BEST",

	WEIGHT_SCORE_OWN = -1.21317845723797,
	WEIGHT_SCORE_OPPONENT = 2.81269221265262,
	WEIGHT_HAMMINGDISTANCE_OWN = 2.2526086715883,
	WEIGHT_HAMMINGDISTANCE_OPPONENT = 2.87033704855153,

	WEIGHT_FORK_HAMMINGDISTANCE_S = 2.19032246768551,
	WEIGHT_FORK_HAMMINGDISTANCE_L = -1.22811117958993,

	WEIGHT_WALL_DISTANCE = 3.20928775305743,
	WEIGHT_NEIGHBORS = 2.71821139500131,
	WEIGHT_NEIGHBOR_FREE = -2.33180795669077,
	WEIGHT_NEIGHBOR_OWNED = 3.30047878116548,
	WEIGHT_NEIGHBOR_TAKEN = -2.20613674822383
};
