File info:
Boardsize: 7 x 6
Particles: 30
Iterations: 9
Games Played Per Iteration: 900
Games Played: 8100
Games Played Per Minute: 25023,4941518987
MAX_SCORE: 2475
Cores: 14
Start Time: 19.09.2023 16:04:18
End Time: 19.09.2023 16:04:38
Total Time: 00:00:19.4217481
Boardsize: 7 x 6
Engine Depth: 2

Win Values:
VALUE_WIN_YELLOW: 2,5
VALUE_DRAW_YELLOW: 0,5
VALUE_LOSS_YELLOW: -3
VALUE_WIN_RED: 3
VALUE_DRAW_RED: 0,6
VALUE_LOSS_RED: -1,8


Best Global Particle:

Best Global Particle Score Internally: 450,125
{
	NAME = "Particle-GLOBAL-BEST",

	WEIGHT_SCORE_OWN = 4.29756218614632,
	WEIGHT_SCORE_OPPONENT = -2.04982984943506,
	WEIGHT_HAMMINGDISTANCE_OWN = -2.99972600004415,
	WEIGHT_HAMMINGDISTANCE_OPPONENT = 2.33879989372234,

	WEIGHT_FORK_HAMMINGDISTANCE_S = -0.197062877894462,
	WEIGHT_FORK_HAMMINGDISTANCE_L = -0.301823574282369,

	WEIGHT_WALL_DISTANCE = 0.0972005476913647,
	WEIGHT_NEIGHBORS = 11.6418797767739,
	WEIGHT_NEIGHBOR_FREE = -1.83323765781249,
	WEIGHT_NEIGHBOR_OWNED = -3.90889295636369,
	WEIGHT_NEIGHBOR_TAKEN = 5.62539993338506
};
