File info:
Boardsize: 7 x 6
Particles: 30
Iterations: 50
Games Played Per Iteration: 900
Games Played: 45000
Games Played Per Minute: 65,2412076078154
MAX_SCORE: 2475
Cores: 14
Start Time: 17.09.2023 23:14:59
End Time: 18.09.2023 10:44:44
Total Time: 11:29:44.8869296
Boardsize: 7 x 6
Engine Depth: 6

Win Values:
VALUE_WIN_YELLOW: 2,5
VALUE_DRAW_YELLOW: 0,5
VALUE_LOSS_YELLOW: -3
VALUE_WIN_RED: 3
VALUE_DRAW_RED: 0,6
VALUE_LOSS_RED: -1,8


Best Global Particle:

Best Global Particle Score Internally: 49,6570769230769
{
	NAME = "Particle-GLOBAL-BEST",

	WEIGHT_SCORE_OWN = 2.20567109789883,
	WEIGHT_SCORE_OPPONENT = 0.18636410022153,
	WEIGHT_HAMMINGDISTANCE_OWN = 0.197004059343108,
	WEIGHT_HAMMINGDISTANCE_OPPONENT = 1.21692311229312,

	WEIGHT_FORK_HAMMINGDISTANCE_S = 0.101931663969899,
	WEIGHT_FORK_HAMMINGDISTANCE_L = -0.218276800215177,

	WEIGHT_WALL_DISTANCE = 1.20005634777471,
	WEIGHT_NEIGHBORS = 0.493394895475502,
	WEIGHT_NEIGHBOR_FREE = 1.70204610070183,
	WEIGHT_NEIGHBOR_OWNED = 2.30603194743472,
	WEIGHT_NEIGHBOR_TAKEN = 0.301858447793187
};
