File info:
Boardsize: 7 x 6
Particles: 30
Iterations: 15
Games Played Per Iteration: 900
Games Played: 13500
Games Played Per Minute: 19318,7405926975
MAX_SCORE: 2475
Cores: 14
Start Time: 19.09.2023 16:11:15
End Time: 19.09.2023 16:11:57
Total Time: 00:00:41.9281990
Boardsize: 7 x 6
Engine Depth: 2

Win Values:
VALUE_WIN_YELLOW: 2,5
VALUE_DRAW_YELLOW: 0,5
VALUE_LOSS_YELLOW: -3
VALUE_WIN_RED: 3
VALUE_DRAW_RED: 0,6
VALUE_LOSS_RED: -1,8


Best Global Particle:

Best Global Particle Score Internally: 512,525
{
	NAME = "Particle-GLOBAL-BEST",

	WEIGHT_SCORE_OWN = -2.94707953658132,
	WEIGHT_SCORE_OPPONENT = 3.42407091764072,
	WEIGHT_HAMMINGDISTANCE_OWN = 4.527437780351,
	WEIGHT_HAMMINGDISTANCE_OPPONENT = 5.28632876556946,

	WEIGHT_FORK_HAMMINGDISTANCE_S = -0.013406940113828,
	WEIGHT_FORK_HAMMINGDISTANCE_L = -0.654421976764429,

	WEIGHT_WALL_DISTANCE = 5.32655181472602,
	WEIGHT_NEIGHBORS = 5.37597046298942,
	WEIGHT_NEIGHBOR_FREE = -5.20131831434121,
	WEIGHT_NEIGHBOR_OWNED = 5.69912310236972,
	WEIGHT_NEIGHBOR_TAKEN = -2.87934149336834
};
