File info:
Boardsize: 7 x 6
Particles: 30
Iterations: 35
Games Played Per Iteration: 900
Games Played: 31500
Games Played Per Minute: 104,314856678623
MAX_SCORE: 2475
Cores: 16
Start Time: 19.09.2023 16:55:59
End Time: 19.09.2023 21:57:57
Total Time: 05:01:58.2245768
Boardsize: 7 x 6
Engine Depth: 6

Win Values:
VALUE_WIN_YELLOW: 2,5
VALUE_DRAW_YELLOW: 0,5
VALUE_LOSS_YELLOW: -3
VALUE_WIN_RED: 3
VALUE_DRAW_RED: 0,6
VALUE_LOSS_RED: -1,8


Best Global Particle:

Best Global Particle Score Internally: 481,325
{
	NAME = "Particle-GLOBAL-BEST",

	WEIGHT_SCORE_OWN = 4.88491279007954,
	WEIGHT_SCORE_OPPONENT = 0.365338842902371,
	WEIGHT_HAMMINGDISTANCE_OWN = -2.29012311999207,
	WEIGHT_HAMMINGDISTANCE_OPPONENT = -1.47966379227758,

	WEIGHT_FORK_HAMMINGDISTANCE_S = -1.0474975162464,
	WEIGHT_FORK_HAMMINGDISTANCE_L = -1.33745315241637,

	WEIGHT_WALL_DISTANCE = 3.39138967120499,
	WEIGHT_NEIGHBORS = 4.59349931516011,
	WEIGHT_NEIGHBOR_FREE = -4.4059704013936,
	WEIGHT_NEIGHBOR_OWNED = -2.20594950461899,
	WEIGHT_NEIGHBOR_TAKEN = -1.26725943558672
};
