File info:
Boardsize: 7 x 6
Particles: 30
Iterations: 38
Games Played Per Iteration: 900
Games Played: 34200
Games Played Per Minute: 16548,6920464623
MAX_SCORE: 2475
Cores: 14
Start Time: 19.09.2023 16:11:15
End Time: 19.09.2023 16:13:19
Total Time: 00:02:03.9977150
Boardsize: 7 x 6
Engine Depth: 2

Win Values:
VALUE_WIN_YELLOW: 2,5
VALUE_DRAW_YELLOW: 0,5
VALUE_LOSS_YELLOW: -3
VALUE_WIN_RED: 3
VALUE_DRAW_RED: 0,6
VALUE_LOSS_RED: -1,8


Best Global Particle:

Best Global Particle Score Internally: 512,525
{
	NAME = "Particle-GLOBAL-BEST",

	WEIGHT_SCORE_OWN = -1.2772947491178,
	WEIGHT_SCORE_OPPONENT = 2.87345547540448,
	WEIGHT_HAMMINGDISTANCE_OWN = 2.25605513706557,
	WEIGHT_HAMMINGDISTANCE_OPPONENT = 3.20616504184923,

	WEIGHT_FORK_HAMMINGDISTANCE_S = 2.18604552817389,
	WEIGHT_FORK_HAMMINGDISTANCE_L = -1.3608821590546,

	WEIGHT_WALL_DISTANCE = 3.25530989353618,
	WEIGHT_NEIGHBORS = 2.72175701875159,
	WEIGHT_NEIGHBOR_FREE = -2.48533414907259,
	WEIGHT_NEIGHBOR_OWNED = 3.30498668806324,
	WEIGHT_NEIGHBOR_TAKEN = -2.2358682870432
};
