File info:
Boardsize: 7 x 6
Particles: 30
Iterations: 70
Games Played Per Iteration: 900
Games Played: 63000
Games Played Per Minute: 49429,299636855
MAX_SCORE: 2475
Cores: 14
Start Time: 19.09.2023 15:34:07
End Time: 19.09.2023 15:35:23
Total Time: 00:01:16.4728618
Boardsize: 7 x 6
Engine Depth: 2

Win Values:
VALUE_WIN_YELLOW: 2,5
VALUE_DRAW_YELLOW: 0,5
VALUE_LOSS_YELLOW: -3
VALUE_WIN_RED: 3
VALUE_DRAW_RED: 0,6
VALUE_LOSS_RED: -1,8


Best Global Particle:

Best Global Particle Score Internally: 432,25
{
	NAME = "Particle-GLOBAL-BEST",

	WEIGHT_SCORE_OWN = 2.88040155353161,
	WEIGHT_SCORE_OPPONENT = 1.65188658069008,
	WEIGHT_HAMMINGDISTANCE_OWN = -1.25824293571744,
	WEIGHT_HAMMINGDISTANCE_OPPONENT = -2.23306466298191,

	WEIGHT_FORK_HAMMINGDISTANCE_S = -1.21560461736535,
	WEIGHT_FORK_HAMMINGDISTANCE_L = 0.565097429181654,

	WEIGHT_WALL_DISTANCE = -1.86648833385403,
	WEIGHT_NEIGHBORS = -2.00474947149175,
	WEIGHT_NEIGHBOR_FREE = -2.37763814856765,
	WEIGHT_NEIGHBOR_OWNED = -1.90142760048229,
	WEIGHT_NEIGHBOR_TAKEN = -0.249652663449862
};
