File info:
Boardsize: 7 x 6
Particles: 30
Iterations: 49
Games Played Per Iteration: 900
Games Played: 44100
Games Played Per Minute: 78,6228385770309
MAX_SCORE: 2475
Cores: 16
Start Time: 19.09.2023 16:40:45
End Time: 20.09.2023 02:01:40
Total Time: 09:20:54.3432912
Boardsize: 7 x 6
Engine Depth: 6

Win Values:
VALUE_WIN_YELLOW: 2,5
VALUE_DRAW_YELLOW: 0,5
VALUE_LOSS_YELLOW: -3
VALUE_WIN_RED: 3
VALUE_DRAW_RED: 0,6
VALUE_LOSS_RED: -1,8


Best Global Particle:

Best Global Particle Score Internally: 427,7
{
	NAME = "Particle-GLOBAL-BEST",

	WEIGHT_SCORE_OWN = 2.66924812834015,
	WEIGHT_SCORE_OPPONENT = 0.0371777920923443,
	WEIGHT_HAMMINGDISTANCE_OWN = -1.20867288348475,
	WEIGHT_HAMMINGDISTANCE_OPPONENT = -1.70361027478963,

	WEIGHT_FORK_HAMMINGDISTANCE_S = -0.632190767662955,
	WEIGHT_FORK_HAMMINGDISTANCE_L = -1.01058779239659,

	WEIGHT_WALL_DISTANCE = 2.45453856527502,
	WEIGHT_NEIGHBORS = 2.6792213653468,
	WEIGHT_NEIGHBOR_FREE = -2.31908936779988,
	WEIGHT_NEIGHBOR_OWNED = -1.54231363758415,
	WEIGHT_NEIGHBOR_TAKEN = -0.329470675744273
};
