File info:
Boardsize: 7 x 6
Particles: 30
Iterations: 4
Games Played Per Iteration: 900
Games Played: 3600
Games Played Per Minute: 97,5885281482812
MAX_SCORE: 2475
Cores: 14
Start Time: 17.09.2023 23:14:59
End Time: 17.09.2023 23:51:52
Total Time: 00:36:53.3749130
Boardsize: 7 x 6
Engine Depth: 6

Win Values:
VALUE_WIN_YELLOW: 2,5
VALUE_DRAW_YELLOW: 0,5
VALUE_LOSS_YELLOW: -3
VALUE_WIN_RED: 3
VALUE_DRAW_RED: 0,6
VALUE_LOSS_RED: -1,8


Best Global Particle:

Best Global Particle Score Internally: 49,5512307692308
{
	NAME = "Particle-GLOBAL-BEST",

	WEIGHT_SCORE_OWN = 4.04009792684548,
	WEIGHT_SCORE_OPPONENT = 0.941587413311474,
	WEIGHT_HAMMINGDISTANCE_OWN = -2.9330287309424,
	WEIGHT_HAMMINGDISTANCE_OPPONENT = 1.20084046701447,

	WEIGHT_FORK_HAMMINGDISTANCE_S = -0.194087885371736,
	WEIGHT_FORK_HAMMINGDISTANCE_L = -0.263863703769938,

	WEIGHT_WALL_DISTANCE = 1.11380503400991,
	WEIGHT_NEIGHBORS = -0.504913045082487,
	WEIGHT_NEIGHBOR_FREE = 1.41634499167003,
	WEIGHT_NEIGHBOR_OWNED = 3.33122071307325,
	WEIGHT_NEIGHBOR_TAKEN = 0.291673726012626
};
