File info:
Boardsize: 7 x 6
Particles: 30
Iterations: 29
Games Played Per Iteration: 900
Games Played: 26100
Games Played Per Minute: 17468,3593966498
MAX_SCORE: 2475
Cores: 14
Start Time: 19.09.2023 16:11:15
End Time: 19.09.2023 16:12:44
Total Time: 00:01:29.6478006
Boardsize: 7 x 6
Engine Depth: 2

Win Values:
VALUE_WIN_YELLOW: 2,5
VALUE_DRAW_YELLOW: 0,5
VALUE_LOSS_YELLOW: -3
VALUE_WIN_RED: 3
VALUE_DRAW_RED: 0,6
VALUE_LOSS_RED: -1,8


Best Global Particle:

Best Global Particle Score Internally: 512,525
{
	NAME = "Particle-GLOBAL-BEST",

	WEIGHT_SCORE_OWN = -1.49163528134382,
	WEIGHT_SCORE_OPPONENT = 3.0480811433956,
	WEIGHT_HAMMINGDISTANCE_OWN = 2.34353073118476,
	WEIGHT_HAMMINGDISTANCE_OPPONENT = 4.14468721754667,

	WEIGHT_FORK_HAMMINGDISTANCE_S = 2.0774914668443,
	WEIGHT_FORK_HAMMINGDISTANCE_L = -1.68935021014306,

	WEIGHT_WALL_DISTANCE = 3.43327044948402,
	WEIGHT_NEIGHBORS = 2.81174937356374,
	WEIGHT_NEIGHBOR_FREE = -2.96314670370173,
	WEIGHT_NEIGHBOR_OWNED = 3.38295354986329,
	WEIGHT_NEIGHBOR_TAKEN = -2.33164649206676
};
