File info:
Boardsize: 7 x 6
Particles: 30
Iterations: 54
Games Played Per Iteration: 900
Games Played: 48600
Games Played Per Minute: 78,7102767052297
MAX_SCORE: 2475
Cores: 16
Start Time: 19.09.2023 16:40:45
End Time: 20.09.2023 02:58:13
Total Time: 10:17:27.2589103
Boardsize: 7 x 6
Engine Depth: 6

Win Values:
VALUE_WIN_YELLOW: 2,5
VALUE_DRAW_YELLOW: 0,5
VALUE_LOSS_YELLOW: -3
VALUE_WIN_RED: 3
VALUE_DRAW_RED: 0,6
VALUE_LOSS_RED: -1,8


Best Global Particle:

Best Global Particle Score Internally: 441,025
{
	NAME = "Particle-GLOBAL-BEST",

	WEIGHT_SCORE_OWN = 2.31222786539278,
	WEIGHT_SCORE_OPPONENT = -0.0211926141517713,
	WEIGHT_HAMMINGDISTANCE_OWN = -2.32707864193076,
	WEIGHT_HAMMINGDISTANCE_OPPONENT = 0.69305403730683,

	WEIGHT_FORK_HAMMINGDISTANCE_S = -1.28748106182093,
	WEIGHT_FORK_HAMMINGDISTANCE_L = -1.44861197697007,

	WEIGHT_WALL_DISTANCE = 8.07278178978862,
	WEIGHT_NEIGHBORS = 2.88947575846934,
	WEIGHT_NEIGHBOR_FREE = -2.32745161274315,
	WEIGHT_NEIGHBOR_OWNED = -2.61872509018965,
	WEIGHT_NEIGHBOR_TAKEN = -4.3244149365343
};
