File info:
Boardsize: 7 x 6
Particles: 30
Iterations: 27
Games Played Per Iteration: 900
Games Played: 24300
Games Played Per Minute: 17714,5915549906
MAX_SCORE: 2475
Cores: 14
Start Time: 19.09.2023 16:11:15
End Time: 19.09.2023 16:12:37
Total Time: 00:01:22.3050306
Boardsize: 7 x 6
Engine Depth: 2

Win Values:
VALUE_WIN_YELLOW: 2,5
VALUE_DRAW_YELLOW: 0,5
VALUE_LOSS_YELLOW: -3
VALUE_WIN_RED: 3
VALUE_DRAW_RED: 0,6
VALUE_LOSS_RED: -1,8


Best Global Particle:

Best Global Particle Score Internally: 512,525
{
	NAME = "Particle-GLOBAL-BEST",

	WEIGHT_SCORE_OWN = -1.58596597098084,
	WEIGHT_SCORE_OPPONENT = 3.11434828118974,
	WEIGHT_HAMMINGDISTANCE_OWN = 2.39792427661032,
	WEIGHT_HAMMINGDISTANCE_OPPONENT = 4.4893472129252,

	WEIGHT_FORK_HAMMINGDISTANCE_S = 2.00999103628977,
	WEIGHT_FORK_HAMMINGDISTANCE_L = -1.79106174605296,

	WEIGHT_WALL_DISTANCE = 3.52054280209386,
	WEIGHT_NEIGHBORS = 2.86770787591763,
	WEIGHT_NEIGHBOR_FREE = -3.16027621545899,
	WEIGHT_NEIGHBOR_OWNED = 3.44062235540327,
	WEIGHT_NEIGHBOR_TAKEN = -2.3724561365971
};
