File info:
Boardsize: 7 x 6
Particles: 30
Iterations: 33
Games Played Per Iteration: 900
Games Played: 29700
Games Played Per Minute: 34001,1204914707
MAX_SCORE: 2475
Cores: 14
Start Time: 19.09.2023 16:04:18
End Time: 19.09.2023 16:05:11
Total Time: 00:00:52.4100375
Boardsize: 7 x 6
Engine Depth: 2

Win Values:
VALUE_WIN_YELLOW: 2,5
VALUE_DRAW_YELLOW: 0,5
VALUE_LOSS_YELLOW: -3
VALUE_WIN_RED: 3
VALUE_DRAW_RED: 0,6
VALUE_LOSS_RED: -1,8


Best Global Particle:

Best Global Particle Score Internally: 450,125
{
	NAME = "Particle-GLOBAL-BEST",

	WEIGHT_SCORE_OWN = 2.91987741728281,
	WEIGHT_SCORE_OPPONENT = -1.2701805391469,
	WEIGHT_HAMMINGDISTANCE_OWN = -1.31845406262446,
	WEIGHT_HAMMINGDISTANCE_OPPONENT = 2.53264591094461,

	WEIGHT_FORK_HAMMINGDISTANCE_S = -0.204507204887073,
	WEIGHT_FORK_HAMMINGDISTANCE_L = -0.366373844276784,

	WEIGHT_WALL_DISTANCE = -0.607418295163282,
	WEIGHT_NEIGHBORS = 3.61560295318301,
	WEIGHT_NEIGHBOR_FREE = -2.2789366441323,
	WEIGHT_NEIGHBOR_OWNED = -2.05983408865681,
	WEIGHT_NEIGHBOR_TAKEN = 2.49917256898887
};
