File info:
Boardsize: 7 x 6
Particles: 30
Iterations: 2
Games Played Per Iteration: 900
Games Played: 1800
Games Played Per Minute: 19110,3934883104
MAX_SCORE: 2475
Cores: 14
Start Time: 19.09.2023 15:32:16
End Time: 19.09.2023 15:32:22
Total Time: 00:00:05.6513750
Boardsize: 7 x 6
Engine Depth: 2

Win Values:
VALUE_WIN_YELLOW: 2,5
VALUE_DRAW_YELLOW: 0,5
VALUE_LOSS_YELLOW: -3
VALUE_WIN_RED: 3
VALUE_DRAW_RED: 0,6
VALUE_LOSS_RED: -1,8


Best Global Particle:

Best Global Particle Score Internally: 695,5
{
	NAME = "Particle-GLOBAL-BEST",

	WEIGHT_SCORE_OWN = 1.08061361179856,
	WEIGHT_SCORE_OPPONENT = 1.17930726276424,
	WEIGHT_HAMMINGDISTANCE_OWN = 1.58242443186469,
	WEIGHT_HAMMINGDISTANCE_OPPONENT = -0.717347862181867,

	WEIGHT_FORK_HAMMINGDISTANCE_S = 1.28557933501385,
	WEIGHT_FORK_HAMMINGDISTANCE_L = 2.47392713261094,

	WEIGHT_WALL_DISTANCE = 0.549344800334588,
	WEIGHT_NEIGHBORS = -0.400778499922434,
	WEIGHT_NEIGHBOR_FREE = 5.05795347569492,
	WEIGHT_NEIGHBOR_OWNED = -2.65717293133954,
	WEIGHT_NEIGHBOR_TAKEN = -0.101348980475253
};
