File info:
Boardsize: 7 x 6
Particles: 30
Iterations: 41
Games Played Per Iteration: 900
Games Played: 36900
Games Played Per Minute: 60014,8234987624
MAX_SCORE: 2475
Cores: 14
Start Time: 19.09.2023 15:34:07
End Time: 19.09.2023 15:34:43
Total Time: 00:00:36.8908858
Boardsize: 7 x 6
Engine Depth: 2

Win Values:
VALUE_WIN_YELLOW: 2,5
VALUE_DRAW_YELLOW: 0,5
VALUE_LOSS_YELLOW: -3
VALUE_WIN_RED: 3
VALUE_DRAW_RED: 0,6
VALUE_LOSS_RED: -1,8


Best Global Particle:

Best Global Particle Score Internally: 432,25
{
	NAME = "Particle-GLOBAL-BEST",

	WEIGHT_SCORE_OWN = 8.19738267623654,
	WEIGHT_SCORE_OPPONENT = 1.65889900204474,
	WEIGHT_HAMMINGDISTANCE_OWN = -4.80420186919726,
	WEIGHT_HAMMINGDISTANCE_OPPONENT = -4.49467799665147,

	WEIGHT_FORK_HAMMINGDISTANCE_S = -2.77392159604972,
	WEIGHT_FORK_HAMMINGDISTANCE_L = 1.12720696218294,

	WEIGHT_WALL_DISTANCE = -6.5097907138985,
	WEIGHT_NEIGHBORS = -2.35680922513427,
	WEIGHT_NEIGHBOR_FREE = -4.89840955583199,
	WEIGHT_NEIGHBOR_OWNED = -2.41795038775308,
	WEIGHT_NEIGHBOR_TAKEN = -0.962649116316128
};
