File info:
Boardsize: 7 x 6
Particles: 30
Iterations: 54
Games Played Per Iteration: 900
Games Played: 48600
Games Played Per Minute: 52259,8901470226
MAX_SCORE: 2475
Cores: 14
Start Time: 19.09.2023 15:34:07
End Time: 19.09.2023 15:35:02
Total Time: 00:00:55.7980507
Boardsize: 7 x 6
Engine Depth: 2

Win Values:
VALUE_WIN_YELLOW: 2,5
VALUE_DRAW_YELLOW: 0,5
VALUE_LOSS_YELLOW: -3
VALUE_WIN_RED: 3
VALUE_DRAW_RED: 0,6
VALUE_LOSS_RED: -1,8


Best Global Particle:

Best Global Particle Score Internally: 432,25
{
	NAME = "Particle-GLOBAL-BEST",

	WEIGHT_SCORE_OWN = 3.87763220809433,
	WEIGHT_SCORE_OPPONENT = 1.65189952771134,
	WEIGHT_HAMMINGDISTANCE_OWN = -1.98019069961667,
	WEIGHT_HAMMINGDISTANCE_OPPONENT = -2.64327953654728,

	WEIGHT_FORK_HAMMINGDISTANCE_S = -1.40991999406051,
	WEIGHT_FORK_HAMMINGDISTANCE_L = 0.566135251028121,

	WEIGHT_WALL_DISTANCE = -2.69151169925087,
	WEIGHT_NEIGHBORS = -2.06371327156832,
	WEIGHT_NEIGHBOR_FREE = -3.33677422158288,
	WEIGHT_NEIGHBOR_OWNED = -1.91975125408931,
	WEIGHT_NEIGHBOR_TAKEN = -0.250969067552257
};
