File info:
Boardsize: 7 x 6
Particles: 30
Iterations: 2
Games Played Per Iteration: 900
Games Played: 1800
Games Played Per Minute: 18227,2900539383
MAX_SCORE: 2475
Cores: 14
Start Time: 19.09.2023 16:11:15
End Time: 19.09.2023 16:11:21
Total Time: 00:00:05.9251814
Boardsize: 7 x 6
Engine Depth: 2

Win Values:
VALUE_WIN_YELLOW: 2,5
VALUE_DRAW_YELLOW: 0,5
VALUE_LOSS_YELLOW: -3
VALUE_WIN_RED: 3
VALUE_DRAW_RED: 0,6
VALUE_LOSS_RED: -1,8


Best Global Particle:

Best Global Particle Score Internally: 385,45
{
	NAME = "Particle-GLOBAL-BEST",

	WEIGHT_SCORE_OWN = -0.903350439689162,
	WEIGHT_SCORE_OPPONENT = 0.93046813580252,
	WEIGHT_HAMMINGDISTANCE_OWN = 1.53936386215034,
	WEIGHT_HAMMINGDISTANCE_OPPONENT = 1.16710168769508,

	WEIGHT_FORK_HAMMINGDISTANCE_S = -0.945849114185253,
	WEIGHT_FORK_HAMMINGDISTANCE_L = 0.270353697093167,

	WEIGHT_WALL_DISTANCE = 2.09144468965213,
	WEIGHT_NEIGHBORS = 1.85154809714186,
	WEIGHT_NEIGHBOR_FREE = 1.70978097861904,
	WEIGHT_NEIGHBOR_OWNED = 3.68741421223814,
	WEIGHT_NEIGHBOR_TAKEN = -1.19654132360293
};
