File info:
Boardsize: 7 x 6
Particles: 30
Iterations: 10
Games Played Per Iteration: 900
Games Played: 9000
Games Played Per Minute: 75,2600359413849
MAX_SCORE: 2475
Cores: 14
Start Time: 17.09.2023 23:14:59
End Time: 18.09.2023 01:14:34
Total Time: 01:59:35.1228025
Boardsize: 7 x 6
Engine Depth: 6

Win Values:
VALUE_WIN_YELLOW: 2,5
VALUE_DRAW_YELLOW: 0,5
VALUE_LOSS_YELLOW: -3
VALUE_WIN_RED: 3
VALUE_DRAW_RED: 0,6
VALUE_LOSS_RED: -1,8


Best Global Particle:

Best Global Particle Score Internally: 49,5512307692308
{
	NAME = "Particle-GLOBAL-BEST",

	WEIGHT_SCORE_OWN = 4.89761363781948,
	WEIGHT_SCORE_OPPONENT = 0.304329493942903,
	WEIGHT_HAMMINGDISTANCE_OWN = -4.03745108438451,
	WEIGHT_HAMMINGDISTANCE_OPPONENT = 1.75898329088226,

	WEIGHT_FORK_HAMMINGDISTANCE_S = -0.437985823766168,
	WEIGHT_FORK_HAMMINGDISTANCE_L = -1.56826289477603,

	WEIGHT_WALL_DISTANCE = 1.41669534885035,
	WEIGHT_NEIGHBORS = -0.82343410069115,
	WEIGHT_NEIGHBOR_FREE = 1.48567309099474,
	WEIGHT_NEIGHBOR_OWNED = 3.43347272946035,
	WEIGHT_NEIGHBOR_TAKEN = 0.60110601415253
};
