File info:
Boardsize: 7 x 6
Particles: 30
Iterations: 56
Games Played Per Iteration: 900
Games Played: 50400
Games Played Per Minute: 68,4430631835087
MAX_SCORE: 2475
Cores: 14
Start Time: 17.09.2023 23:14:59
End Time: 18.09.2023 11:31:22
Total Time: 12:16:22.7098225
Boardsize: 7 x 6
Engine Depth: 6

Win Values:
VALUE_WIN_YELLOW: 2,5
VALUE_DRAW_YELLOW: 0,5
VALUE_LOSS_YELLOW: -3
VALUE_WIN_RED: 3
VALUE_DRAW_RED: 0,6
VALUE_LOSS_RED: -1,8


Best Global Particle:

Best Global Particle Score Internally: 49,6570769230769
{
	NAME = "Particle-GLOBAL-BEST",

	WEIGHT_SCORE_OWN = 2.20213885212908,
	WEIGHT_SCORE_OPPONENT = 0.19485719342136,
	WEIGHT_HAMMINGDISTANCE_OWN = 0.198870105226467,
	WEIGHT_HAMMINGDISTANCE_OPPONENT = 1.20638259708054,

	WEIGHT_FORK_HAMMINGDISTANCE_S = 0.101931696147484,
	WEIGHT_FORK_HAMMINGDISTANCE_L = -0.206893129157082,

	WEIGHT_WALL_DISTANCE = 1.20002125038748,
	WEIGHT_NEIGHBORS = 0.497508878756887,
	WEIGHT_NEIGHBOR_FREE = 1.70077169409954,
	WEIGHT_NEIGHBOR_OWNED = 2.30227495628092,
	WEIGHT_NEIGHBOR_TAKEN = 0.300700916219535
};
