File info:
Boardsize: 7 x 6
Particles: 30
Iterations: 12
Games Played Per Iteration: 900
Games Played: 10800
Games Played Per Minute: 135,582470541379
MAX_SCORE: 2475
Cores: 16
Start Time: 19.09.2023 16:55:59
End Time: 19.09.2023 18:15:38
Total Time: 01:19:39.3789080
Boardsize: 7 x 6
Engine Depth: 6

Win Values:
VALUE_WIN_YELLOW: 2,5
VALUE_DRAW_YELLOW: 0,5
VALUE_LOSS_YELLOW: -3
VALUE_WIN_RED: 3
VALUE_DRAW_RED: 0,6
VALUE_LOSS_RED: -1,8


Best Global Particle:

Best Global Particle Score Internally: 418,925
{
	NAME = "Particle-GLOBAL-BEST",

	WEIGHT_SCORE_OWN = 0.638976374373369,
	WEIGHT_SCORE_OPPONENT = -1.37658851020234,
	WEIGHT_HAMMINGDISTANCE_OWN = -2.56456706431114,
	WEIGHT_HAMMINGDISTANCE_OPPONENT = 1.35383422241292,

	WEIGHT_FORK_HAMMINGDISTANCE_S = -0.077577062470379,
	WEIGHT_FORK_HAMMINGDISTANCE_L = -0.719819634967059,

	WEIGHT_WALL_DISTANCE = 2.25525048407202,
	WEIGHT_NEIGHBORS = -0.071238923663792,
	WEIGHT_NEIGHBOR_FREE = -7.84161390631206,
	WEIGHT_NEIGHBOR_OWNED = -4.76055449630754,
	WEIGHT_NEIGHBOR_TAKEN = 0.0166645903033327
};
