File info:
Boardsize: 7 x 6
Particles: 30
Iterations: 46
Games Played Per Iteration: 900
Games Played: 41400
Games Played Per Minute: 72,1170078958524
MAX_SCORE: 2475
Cores: 14
Start Time: 18.09.2023 14:00:02
End Time: 18.09.2023 23:34:06
Total Time: 09:34:04.0246826
Boardsize: 7 x 6
Engine Depth: 6

Win Values:
VALUE_WIN_YELLOW: 2,5
VALUE_DRAW_YELLOW: 0,5
VALUE_LOSS_YELLOW: -3
VALUE_WIN_RED: 3
VALUE_DRAW_RED: 0,6
VALUE_LOSS_RED: -1,8


Best Global Particle:

Best Global Particle Score Internally: 49,5469230769231
{
	NAME = "Particle-GLOBAL-BEST",

	WEIGHT_SCORE_OWN = -1.26205344647538,
	WEIGHT_SCORE_OPPONENT = 1.01406216326115,
	WEIGHT_HAMMINGDISTANCE_OWN = 2.83746176966925,
	WEIGHT_HAMMINGDISTANCE_OPPONENT = -2.24042647427168,

	WEIGHT_FORK_HAMMINGDISTANCE_S = -0.036325393072801,
	WEIGHT_FORK_HAMMINGDISTANCE_L = -1.21464477185525,

	WEIGHT_WALL_DISTANCE = -1.80556803678892,
	WEIGHT_NEIGHBORS = -0.975577773115094,
	WEIGHT_NEIGHBOR_FREE = -0.0355124571922365,
	WEIGHT_NEIGHBOR_OWNED = -1.99343895244254,
	WEIGHT_NEIGHBOR_TAKEN = -2.25561916402996
};
