File info:
Boardsize: 7 x 6
Particles: 30
Iterations: 39
Games Played Per Iteration: 900
Games Played: 35100
Games Played Per Minute: 34773,7202117204
MAX_SCORE: 2475
Cores: 14
Start Time: 19.09.2023 16:04:18
End Time: 19.09.2023 16:05:19
Total Time: 00:01:00.5629765
Boardsize: 7 x 6
Engine Depth: 2

Win Values:
VALUE_WIN_YELLOW: 2,5
VALUE_DRAW_YELLOW: 0,5
VALUE_LOSS_YELLOW: -3
VALUE_WIN_RED: 3
VALUE_DRAW_RED: 0,6
VALUE_LOSS_RED: -1,8


Best Global Particle:

Best Global Particle Score Internally: 450,125
{
	NAME = "Particle-GLOBAL-BEST",

	WEIGHT_SCORE_OWN = 2.84866127075882,
	WEIGHT_SCORE_OPPONENT = -1.22850900947979,
	WEIGHT_HAMMINGDISTANCE_OWN = -1.24783421161245,
	WEIGHT_HAMMINGDISTANCE_OPPONENT = 2.53355768830114,

	WEIGHT_FORK_HAMMINGDISTANCE_S = -0.204542220147555,
	WEIGHT_FORK_HAMMINGDISTANCE_L = -0.366677464002287,

	WEIGHT_WALL_DISTANCE = -0.610732552093114,
	WEIGHT_NEIGHBORS = 3.30765947919127,
	WEIGHT_NEIGHBOR_FREE = -2.28103304131073,
	WEIGHT_NEIGHBOR_OWNED = -1.96487120716576,
	WEIGHT_NEIGHBOR_TAKEN = 2.38019683807208
};
