File info:
Boardsize: 7 x 6
Particles: 30
Iterations: 48
Games Played Per Iteration: 900
Games Played: 43200
Games Played Per Minute: 55545,0976337203
MAX_SCORE: 2475
Cores: 14
Start Time: 19.09.2023 15:34:07
End Time: 19.09.2023 15:34:53
Total Time: 00:00:46.6647843
Boardsize: 7 x 6
Engine Depth: 2

Win Values:
VALUE_WIN_YELLOW: 2,5
VALUE_DRAW_YELLOW: 0,5
VALUE_LOSS_YELLOW: -3
VALUE_WIN_RED: 3
VALUE_DRAW_RED: 0,6
VALUE_LOSS_RED: -1,8


Best Global Particle:

Best Global Particle Score Internally: 432,25
{
	NAME = "Particle-GLOBAL-BEST",

	WEIGHT_SCORE_OWN = 5.52761952989521,
	WEIGHT_SCORE_OPPONENT = 1.65218708231541,
	WEIGHT_HAMMINGDISTANCE_OWN = -3.16356536409774,
	WEIGHT_HAMMINGDISTANCE_OPPONENT = -3.3247427274871,

	WEIGHT_FORK_HAMMINGDISTANCE_S = -1.75060874406252,
	WEIGHT_FORK_HAMMINGDISTANCE_L = 0.589185375375854,

	WEIGHT_WALL_DISTANCE = -4.06554882818402,
	WEIGHT_NEIGHBORS = -2.1626567484416,
	WEIGHT_NEIGHBOR_FREE = -4.82850052129129,
	WEIGHT_NEIGHBOR_OWNED = -1.96545027660265,
	WEIGHT_NEIGHBOR_TAKEN = -0.280206530952514
};
