File info:
Boardsize: 7 x 6
Particles: 30
Iterations: 61
Games Played Per Iteration: 900
Games Played: 54900
Games Played Per Minute: 14460,3669844648
MAX_SCORE: 2475
Cores: 14
Start Time: 19.09.2023 16:11:15
End Time: 19.09.2023 16:15:03
Total Time: 00:03:47.7950486
Boardsize: 7 x 6
Engine Depth: 2

Win Values:
VALUE_WIN_YELLOW: 2,5
VALUE_DRAW_YELLOW: 0,5
VALUE_LOSS_YELLOW: -3
VALUE_WIN_RED: 3
VALUE_DRAW_RED: 0,6
VALUE_LOSS_RED: -1,8


Best Global Particle:

Best Global Particle Score Internally: 512,525
{
	NAME = "Particle-GLOBAL-BEST",

	WEIGHT_SCORE_OWN = -1.20187592250981,
	WEIGHT_SCORE_OPPONENT = 2.8018076529067,
	WEIGHT_HAMMINGDISTANCE_OWN = 2.25258412776501,
	WEIGHT_HAMMINGDISTANCE_OPPONENT = 2.81001842643487,

	WEIGHT_FORK_HAMMINGDISTANCE_S = 2.19035292568611,
	WEIGHT_FORK_HAMMINGDISTANCE_L = -1.20400539045538,

	WEIGHT_WALL_DISTANCE = 3.20132128965862,
	WEIGHT_NEIGHBORS = 2.71818614502758,
	WEIGHT_NEIGHBOR_FREE = -2.30452896394805,
	WEIGHT_NEIGHBOR_OWNED = 3.30006606567275,
	WEIGHT_NEIGHBOR_TAKEN = -2.20087367169576
};
