File info:
Boardsize: 7 x 6
Particles: 30
Iterations: 26
Games Played Per Iteration: 900
Games Played: 23400
Games Played Per Minute: 67,821453080313
MAX_SCORE: 2475
Cores: 14
Start Time: 18.09.2023 14:00:02
End Time: 18.09.2023 19:45:03
Total Time: 05:45:01.4143200
Boardsize: 7 x 6
Engine Depth: 6

Win Values:
VALUE_WIN_YELLOW: 2,5
VALUE_DRAW_YELLOW: 0,5
VALUE_LOSS_YELLOW: -3
VALUE_WIN_RED: 3
VALUE_DRAW_RED: 0,6
VALUE_LOSS_RED: -1,8


Best Global Particle:

Best Global Particle Score Internally: 49,4964615384615
{
	NAME = "Particle-GLOBAL-BEST",

	WEIGHT_SCORE_OWN = -1.9771956208569,
	WEIGHT_SCORE_OPPONENT = 0.34970863254039,
	WEIGHT_HAMMINGDISTANCE_OWN = 3.23633968672712,
	WEIGHT_HAMMINGDISTANCE_OPPONENT = -2.81142361920918,

	WEIGHT_FORK_HAMMINGDISTANCE_S = -0.33167658686091,
	WEIGHT_FORK_HAMMINGDISTANCE_L = -1.65603347478017,

	WEIGHT_WALL_DISTANCE = -1.98644567485964,
	WEIGHT_NEIGHBORS = -1.05939961697952,
	WEIGHT_NEIGHBOR_FREE = -0.442346016264674,
	WEIGHT_NEIGHBOR_OWNED = -2.46420989220493,
	WEIGHT_NEIGHBOR_TAKEN = -2.58235052187141
};
