File info:
Boardsize: 7 x 6
Particles: 30
Iterations: 19
Games Played Per Iteration: 900
Games Played: 17100
Games Played Per Minute: 66,2321008435613
MAX_SCORE: 2475
Cores: 14
Start Time: 18.09.2023 14:00:02
End Time: 18.09.2023 18:18:13
Total Time: 04:18:10.9777424
Boardsize: 7 x 6
Engine Depth: 6

Win Values:
VALUE_WIN_YELLOW: 2,5
VALUE_DRAW_YELLOW: 0,5
VALUE_LOSS_YELLOW: -3
VALUE_WIN_RED: 3
VALUE_DRAW_RED: 0,6
VALUE_LOSS_RED: -1,8


Best Global Particle:

Best Global Particle Score Internally: 49,4964615384615
{
	NAME = "Particle-GLOBAL-BEST",

	WEIGHT_SCORE_OWN = -1.19707155147052,
	WEIGHT_SCORE_OPPONENT = 0.0135919462365943,
	WEIGHT_HAMMINGDISTANCE_OWN = 3.91647381738892,
	WEIGHT_HAMMINGDISTANCE_OPPONENT = -2.99040420645235,

	WEIGHT_FORK_HAMMINGDISTANCE_S = 0.182744500349183,
	WEIGHT_FORK_HAMMINGDISTANCE_L = -2.58682072928946,

	WEIGHT_WALL_DISTANCE = -1.64375833050437,
	WEIGHT_NEIGHBORS = -0.676725639540201,
	WEIGHT_NEIGHBOR_FREE = -0.454693553130105,
	WEIGHT_NEIGHBOR_OWNED = -2.31477537785598,
	WEIGHT_NEIGHBOR_TAKEN = -1.45481969170429
};
