File info:
Boardsize: 7 x 6
Particles: 30
Iterations: 23
Games Played Per Iteration: 900
Games Played: 20700
Games Played Per Minute: 66,7874579332304
MAX_SCORE: 2475
Cores: 14
Start Time: 18.09.2023 14:00:02
End Time: 18.09.2023 19:09:58
Total Time: 05:09:56.3059298
Boardsize: 7 x 6
Engine Depth: 6

Win Values:
VALUE_WIN_YELLOW: 2,5
VALUE_DRAW_YELLOW: 0,5
VALUE_LOSS_YELLOW: -3
VALUE_WIN_RED: 3
VALUE_DRAW_RED: 0,6
VALUE_LOSS_RED: -1,8


Best Global Particle:

Best Global Particle Score Internally: 49,4964615384615
{
	NAME = "Particle-GLOBAL-BEST",

	WEIGHT_SCORE_OWN = -1.96124721522417,
	WEIGHT_SCORE_OPPONENT = 0.258892937901173,
	WEIGHT_HAMMINGDISTANCE_OWN = 3.45968217250766,
	WEIGHT_HAMMINGDISTANCE_OPPONENT = -2.96356725088957,

	WEIGHT_FORK_HAMMINGDISTANCE_S = -0.19268465258419,
	WEIGHT_FORK_HAMMINGDISTANCE_L = -1.93515360551798,

	WEIGHT_WALL_DISTANCE = -1.94890948059917,
	WEIGHT_NEIGHBORS = -0.9560045625308,
	WEIGHT_NEIGHBOR_FREE = -0.4456822092691,
	WEIGHT_NEIGHBOR_OWNED = -2.5392460449002,
	WEIGHT_NEIGHBOR_TAKEN = -2.39788902378722
};
