File info:
Boardsize: 7 x 6
Particles: 30
Iterations: 27
Games Played Per Iteration: 900
Games Played: 24300
Games Played Per Minute: 121,078306252189
MAX_SCORE: 2475
Cores: 16
Start Time: 19.09.2023 16:55:59
End Time: 19.09.2023 20:16:41
Total Time: 03:20:41.7938203
Boardsize: 7 x 6
Engine Depth: 6

Win Values:
VALUE_WIN_YELLOW: 2,5
VALUE_DRAW_YELLOW: 0,5
VALUE_LOSS_YELLOW: -3
VALUE_WIN_RED: 3
VALUE_DRAW_RED: 0,6
VALUE_LOSS_RED: -1,8


Best Global Particle:

Best Global Particle Score Internally: 461,175
{
	NAME = "Particle-GLOBAL-BEST",

	WEIGHT_SCORE_OWN = 1.63412635165829,
	WEIGHT_SCORE_OPPONENT = -0.349384202106103,
	WEIGHT_HAMMINGDISTANCE_OWN = -5.04502572545443,
	WEIGHT_HAMMINGDISTANCE_OPPONENT = -1.22576108505809,

	WEIGHT_FORK_HAMMINGDISTANCE_S = 0.253639699111313,
	WEIGHT_FORK_HAMMINGDISTANCE_L = -1.32060420321832,

	WEIGHT_WALL_DISTANCE = 3.5932636262913,
	WEIGHT_NEIGHBORS = 3.65272196673332,
	WEIGHT_NEIGHBOR_FREE = -4.62653781232057,
	WEIGHT_NEIGHBOR_OWNED = -2.59274920125601,
	WEIGHT_NEIGHBOR_TAKEN = -0.0287206413448023
};
