File info:
Boardsize: 7 x 6
Particles: 30
Iterations: 24
Games Played Per Iteration: 900
Games Played: 21600
Games Played Per Minute: 18170,4946599188
MAX_SCORE: 2475
Cores: 14
Start Time: 19.09.2023 16:11:15
End Time: 19.09.2023 16:12:26
Total Time: 00:01:11.3244204
Boardsize: 7 x 6
Engine Depth: 2

Win Values:
VALUE_WIN_YELLOW: 2,5
VALUE_DRAW_YELLOW: 0,5
VALUE_LOSS_YELLOW: -3
VALUE_WIN_RED: 3
VALUE_DRAW_RED: 0,6
VALUE_LOSS_RED: -1,8


Best Global Particle:

Best Global Particle Score Internally: 512,525
{
	NAME = "Particle-GLOBAL-BEST",

	WEIGHT_SCORE_OWN = -1.78122234445117,
	WEIGHT_SCORE_OPPONENT = 3.234308493365,
	WEIGHT_HAMMINGDISTANCE_OWN = 2.53302328610957,
	WEIGHT_HAMMINGDISTANCE_OPPONENT = 5.09160449252021,

	WEIGHT_FORK_HAMMINGDISTANCE_S = 1.84233803192416,
	WEIGHT_FORK_HAMMINGDISTANCE_L = -1.9319455106917,

	WEIGHT_WALL_DISTANCE = 3.71574188426114,
	WEIGHT_NEIGHBORS = 3.00669381959764,
	WEIGHT_NEIGHBOR_FREE = -3.54693352785979,
	WEIGHT_NEIGHBOR_OWNED = 3.59795858805685,
	WEIGHT_NEIGHBOR_TAKEN = -2.4547469027296
};
