File info:
Boardsize: 7 x 6
Particles: 30
Iterations: 36
Games Played Per Iteration: 900
Games Played: 32400
Games Played Per Minute: 34315,049174251
MAX_SCORE: 2475
Cores: 14
Start Time: 19.09.2023 16:04:18
End Time: 19.09.2023 16:05:15
Total Time: 00:00:56.6515289
Boardsize: 7 x 6
Engine Depth: 2

Win Values:
VALUE_WIN_YELLOW: 2,5
VALUE_DRAW_YELLOW: 0,5
VALUE_LOSS_YELLOW: -3
VALUE_WIN_RED: 3
VALUE_DRAW_RED: 0,6
VALUE_LOSS_RED: -1,8


Best Global Particle:

Best Global Particle Score Internally: 450,125
{
	NAME = "Particle-GLOBAL-BEST",

	WEIGHT_SCORE_OWN = 2.87743701413783,
	WEIGHT_SCORE_OPPONENT = -1.24535759564394,
	WEIGHT_HAMMINGDISTANCE_OWN = -1.27624171413539,
	WEIGHT_HAMMINGDISTANCE_OPPONENT = 2.53335075508743,

	WEIGHT_FORK_HAMMINGDISTANCE_S = -0.204534273229013,
	WEIGHT_FORK_HAMMINGDISTANCE_L = -0.366608555726496,

	WEIGHT_WALL_DISTANCE = -0.609980362062688,
	WEIGHT_NEIGHBORS = 3.43125190948691,
	WEIGHT_NEIGHBOR_FREE = -2.28055725168705,
	WEIGHT_NEIGHBOR_OWNED = -2.00323726146357,
	WEIGHT_NEIGHBOR_TAKEN = 2.42793729193206
};
