File info:
Boardsize: 7 x 6
Particles: 30
Iterations: 22
Games Played Per Iteration: 900
Games Played: 19800
Games Played Per Minute: 18452,1338662674
MAX_SCORE: 2475
Cores: 14
Start Time: 19.09.2023 16:11:15
End Time: 19.09.2023 16:12:19
Total Time: 00:01:04.3827976
Boardsize: 7 x 6
Engine Depth: 2

Win Values:
VALUE_WIN_YELLOW: 2,5
VALUE_DRAW_YELLOW: 0,5
VALUE_LOSS_YELLOW: -3
VALUE_WIN_RED: 3
VALUE_DRAW_RED: 0,6
VALUE_LOSS_RED: -1,8


Best Global Particle:

Best Global Particle Score Internally: 512,525
{
	NAME = "Particle-GLOBAL-BEST",

	WEIGHT_SCORE_OWN = -1.95676758059186,
	WEIGHT_SCORE_OPPONENT = 3.32285221655234,
	WEIGHT_HAMMINGDISTANCE_OWN = 2.67973949809278,
	WEIGHT_HAMMINGDISTANCE_OPPONENT = 5.50834200241728,

	WEIGHT_FORK_HAMMINGDISTANCE_S = 1.66026849774107,
	WEIGHT_FORK_HAMMINGDISTANCE_L = -1.98045854857788,

	WEIGHT_WALL_DISTANCE = 3.90756409369595,
	WEIGHT_NEIGHBORS = 3.15763120434402,
	WEIGHT_NEIGHBOR_FREE = -3.8705649600196,
	WEIGHT_NEIGHBOR_OWNED = 3.78201092153265,
	WEIGHT_NEIGHBOR_TAKEN = -2.52628255268087
};
