File info:
Boardsize: 7 x 6
Particles: 30
Iterations: 38
Games Played Per Iteration: 900
Games Played: 34200
Games Played Per Minute: 70,4113584254412
MAX_SCORE: 2475
Cores: 14
Start Time: 18.09.2023 14:00:02
End Time: 18.09.2023 22:05:45
Total Time: 08:05:43.0253000
Boardsize: 7 x 6
Engine Depth: 6

Win Values:
VALUE_WIN_YELLOW: 2,5
VALUE_DRAW_YELLOW: 0,5
VALUE_LOSS_YELLOW: -3
VALUE_WIN_RED: 3
VALUE_DRAW_RED: 0,6
VALUE_LOSS_RED: -1,8


Best Global Particle:

Best Global Particle Score Internally: 49,4964615384615
{
	NAME = "Particle-GLOBAL-BEST",

	WEIGHT_SCORE_OWN = -1.43538655437525,
	WEIGHT_SCORE_OPPONENT = 0.447999534303876,
	WEIGHT_HAMMINGDISTANCE_OWN = 2.87464732632309,
	WEIGHT_HAMMINGDISTANCE_OPPONENT = -2.34441038745386,

	WEIGHT_FORK_HAMMINGDISTANCE_S = -0.482109203295585,
	WEIGHT_FORK_HAMMINGDISTANCE_L = -1.26670402170842,

	WEIGHT_WALL_DISTANCE = -1.86481318707359,
	WEIGHT_NEIGHBORS = -1.17130530883182,
	WEIGHT_NEIGHBOR_FREE = -0.438735215068199,
	WEIGHT_NEIGHBOR_OWNED = -2.04943885819782,
	WEIGHT_NEIGHBOR_TAKEN = -2.35952265239577
};
