File info:
Boardsize: 7 x 6
Particles: 30
Iterations: 83
Games Played Per Iteration: 900
Games Played: 74700
Games Played Per Minute: 41709,8103098689
MAX_SCORE: 2475
Cores: 14
Start Time: 19.09.2023 16:04:18
End Time: 19.09.2023 16:06:06
Total Time: 00:01:47.4567342
Boardsize: 7 x 6
Engine Depth: 2

Win Values:
VALUE_WIN_YELLOW: 2,5
VALUE_DRAW_YELLOW: 0,5
VALUE_LOSS_YELLOW: -3
VALUE_WIN_RED: 3
VALUE_DRAW_RED: 0,6
VALUE_LOSS_RED: -1,8


Best Global Particle:

Best Global Particle Score Internally: 450,125
{
	NAME = "Particle-GLOBAL-BEST",

	WEIGHT_SCORE_OWN = 2.8000388062187,
	WEIGHT_SCORE_OPPONENT = -1.20002273890808,
	WEIGHT_HAMMINGDISTANCE_OWN = -1.20003810331585,
	WEIGHT_HAMMINGDISTANCE_OPPONENT = 2.53363120711811,

	WEIGHT_FORK_HAMMINGDISTANCE_S = -0.20454504351283,
	WEIGHT_FORK_HAMMINGDISTANCE_L = -0.36670194559625,

	WEIGHT_WALL_DISTANCE = -0.610999788657907,
	WEIGHT_NEIGHBORS = 3.10016531896472,
	WEIGHT_NEIGHBOR_FREE = -2.2812020788936,
	WEIGHT_NEIGHBOR_OWNED = -1.90005173161242,
	WEIGHT_NEIGHBOR_TAKEN = 2.3000638416707
};
