File info:
Boardsize: 7 x 6
Particles: 30
Iterations: 33
Games Played Per Iteration: 900
Games Played: 29700
Games Played Per Minute: 147860,697168
MAX_SCORE: 2475
Cores: 14
Start Time: 19.09.2023 15:34:07
End Time: 19.09.2023 15:34:19
Total Time: 00:00:12.0518842
Boardsize: 7 x 6
Engine Depth: 2

Win Values:
VALUE_WIN_YELLOW: 2,5
VALUE_DRAW_YELLOW: 0,5
VALUE_LOSS_YELLOW: -3
VALUE_WIN_RED: 3
VALUE_DRAW_RED: 0,6
VALUE_LOSS_RED: -1,8


Best Global Particle:

Best Global Particle Score Internally: 347,1
{
	NAME = "Particle-GLOBAL-BEST",

	WEIGHT_SCORE_OWN = 2.82021250569952,
	WEIGHT_SCORE_OPPONENT = 2.89732369346141,
	WEIGHT_HAMMINGDISTANCE_OWN = 2.08042345459117,
	WEIGHT_HAMMINGDISTANCE_OPPONENT = -2.05380974899522,

	WEIGHT_FORK_HAMMINGDISTANCE_S = -3.79591016403885,
	WEIGHT_FORK_HAMMINGDISTANCE_L = 2.752934969649,

	WEIGHT_WALL_DISTANCE = -2.07488509117008,
	WEIGHT_NEIGHBORS = -2.81710054618251,
	WEIGHT_NEIGHBOR_FREE = 3.61118290255042,
	WEIGHT_NEIGHBOR_OWNED = -3.12524258293947,
	WEIGHT_NEIGHBOR_TAKEN = -2.63321503937911
};
