File info:
Boardsize: 7 x 6
Particles: 30
Iterations: 75
Games Played Per Iteration: 900
Games Played: 67500
Games Played Per Minute: 13580,0355783386
MAX_SCORE: 2475
Cores: 14
Start Time: 19.09.2023 16:11:15
End Time: 19.09.2023 16:16:13
Total Time: 00:04:58.2319138
Boardsize: 7 x 6
Engine Depth: 2

Win Values:
VALUE_WIN_YELLOW: 2,5
VALUE_DRAW_YELLOW: 0,5
VALUE_LOSS_YELLOW: -3
VALUE_WIN_RED: 3
VALUE_DRAW_RED: 0,6
VALUE_LOSS_RED: -1,8


Best Global Particle:

Best Global Particle Score Internally: 512,525
{
	NAME = "Particle-GLOBAL-BEST",

	WEIGHT_SCORE_OWN = -1.2001927880517,
	WEIGHT_SCORE_OPPONENT = 2.80018577208106,
	WEIGHT_HAMMINGDISTANCE_OWN = 2.25258412449608,
	WEIGHT_HAMMINGDISTANCE_OPPONENT = 2.80102959149428,

	WEIGHT_FORK_HAMMINGDISTANCE_S = 2.19035292974274,
	WEIGHT_FORK_HAMMINGDISTANCE_L = -1.20041163321579,

	WEIGHT_WALL_DISTANCE = 3.20013578851672,
	WEIGHT_NEIGHBORS = 2.7181861416646,
	WEIGHT_NEIGHBOR_FREE = -2.30046544050369,
	WEIGHT_NEIGHBOR_OWNED = 3.30000678937907,
	WEIGHT_NEIGHBOR_TAKEN = -2.20008978701505
};
