File info:
Boardsize: 7 x 6
Particles: 30
Iterations: 20
Games Played Per Iteration: 900
Games Played: 18000
Games Played Per Minute: 141,967872749662
MAX_SCORE: 2475
Cores: 16
Start Time: 19.09.2023 16:55:59
End Time: 19.09.2023 19:02:46
Total Time: 02:06:47.3549535
Boardsize: 7 x 6
Engine Depth: 6

Win Values:
VALUE_WIN_YELLOW: 2,5
VALUE_DRAW_YELLOW: 0,5
VALUE_LOSS_YELLOW: -3
VALUE_WIN_RED: 3
VALUE_DRAW_RED: 0,6
VALUE_LOSS_RED: -1,8


Best Global Particle:

Best Global Particle Score Internally: 427,7
{
	NAME = "Particle-GLOBAL-BEST",

	WEIGHT_SCORE_OWN = 0.222570717837184,
	WEIGHT_SCORE_OPPONENT = -1.92574116773491,
	WEIGHT_HAMMINGDISTANCE_OWN = -4.72404295769979,
	WEIGHT_HAMMINGDISTANCE_OPPONENT = -1.45222567997574,

	WEIGHT_FORK_HAMMINGDISTANCE_S = 0.730173347303765,
	WEIGHT_FORK_HAMMINGDISTANCE_L = -0.912728842434097,

	WEIGHT_WALL_DISTANCE = 3.83625138468371,
	WEIGHT_NEIGHBORS = 2.81710421498313,
	WEIGHT_NEIGHBOR_FREE = -7.91548682236637,
	WEIGHT_NEIGHBOR_OWNED = -3.4813446682864,
	WEIGHT_NEIGHBOR_TAKEN = 1.54115073607349
};
