File info:
Boardsize: 7 x 6
Particles: 30
Iterations: 46
Games Played Per Iteration: 900
Games Played: 41400
Games Played Per Minute: 57148,3072008818
MAX_SCORE: 2475
Cores: 14
Start Time: 19.09.2023 15:34:07
End Time: 19.09.2023 15:34:50
Total Time: 00:00:43.4658544
Boardsize: 7 x 6
Engine Depth: 2

Win Values:
VALUE_WIN_YELLOW: 2,5
VALUE_DRAW_YELLOW: 0,5
VALUE_LOSS_YELLOW: -3
VALUE_WIN_RED: 3
VALUE_DRAW_RED: 0,6
VALUE_LOSS_RED: -1,8


Best Global Particle:

Best Global Particle Score Internally: 432,25
{
	NAME = "Particle-GLOBAL-BEST",

	WEIGHT_SCORE_OWN = 6.40757824363395,
	WEIGHT_SCORE_OPPONENT = 1.65263215014746,
	WEIGHT_HAMMINGDISTANCE_OWN = -3.7818724779426,
	WEIGHT_HAMMINGDISTANCE_OPPONENT = -3.69131802649202,

	WEIGHT_FORK_HAMMINGDISTANCE_S = -1.95434702697336,
	WEIGHT_FORK_HAMMINGDISTANCE_L = 0.624861621649805,

	WEIGHT_WALL_DISTANCE = -4.80865941262165,
	WEIGHT_NEIGHBORS = -2.21701495341043,
	WEIGHT_NEIGHBOR_FREE = -5.51460469696265,
	WEIGHT_NEIGHBOR_OWNED = -2.0075003230201,
	WEIGHT_NEIGHBOR_TAKEN = -0.325459342996268
};
