File info:
Boardsize: 7 x 6
Particles: 30
Iterations: 18
Games Played Per Iteration: 900
Games Played: 16200
Games Played Per Minute: 16843,0576674792
MAX_SCORE: 2475
Cores: 14
Start Time: 19.09.2023 15:32:16
End Time: 19.09.2023 15:33:14
Total Time: 00:00:57.7092366
Boardsize: 7 x 6
Engine Depth: 2

Win Values:
VALUE_WIN_YELLOW: 2,5
VALUE_DRAW_YELLOW: 0,5
VALUE_LOSS_YELLOW: -3
VALUE_WIN_RED: 3
VALUE_DRAW_RED: 0,6
VALUE_LOSS_RED: -1,8


Best Global Particle:

Best Global Particle Score Internally: 1005,875
{
	NAME = "Particle-GLOBAL-BEST",

	WEIGHT_SCORE_OWN = 6.46229714958019,
	WEIGHT_SCORE_OPPONENT = 3.81842749063023,
	WEIGHT_HAMMINGDISTANCE_OWN = 7.86222902048265,
	WEIGHT_HAMMINGDISTANCE_OPPONENT = -3.58838203538791,

	WEIGHT_FORK_HAMMINGDISTANCE_S = -6.1293703444411,
	WEIGHT_FORK_HAMMINGDISTANCE_L = 4.31869477157968,

	WEIGHT_WALL_DISTANCE = -5.38275036356156,
	WEIGHT_NEIGHBORS = -5.41585809530134,
	WEIGHT_NEIGHBOR_FREE = -2.17864737403737,
	WEIGHT_NEIGHBOR_OWNED = -7.2362078205729,
	WEIGHT_NEIGHBOR_TAKEN = -4.26154568630761
};
