File info:
Boardsize: 7 x 6
Particles: 30
Iterations: 31
Games Played Per Iteration: 900
Games Played: 27900
Games Played Per Minute: 17274,4228623061
MAX_SCORE: 2475
Cores: 14
Start Time: 19.09.2023 16:11:15
End Time: 19.09.2023 16:12:52
Total Time: 00:01:36.9062766
Boardsize: 7 x 6
Engine Depth: 2

Win Values:
VALUE_WIN_YELLOW: 2,5
VALUE_DRAW_YELLOW: 0,5
VALUE_LOSS_YELLOW: -3
VALUE_WIN_RED: 3
VALUE_DRAW_RED: 0,6
VALUE_LOSS_RED: -1,8


Best Global Particle:

Best Global Particle Score Internally: 512,525
{
	NAME = "Particle-GLOBAL-BEST",

	WEIGHT_SCORE_OWN = -1.41929631155027,
	WEIGHT_SCORE_OPPONENT = 2.99333516278602,
	WEIGHT_HAMMINGDISTANCE_OWN = 2.30695651124062,
	WEIGHT_HAMMINGDISTANCE_OPPONENT = 3.85500411959188,

	WEIGHT_FORK_HAMMINGDISTANCE_S = 2.12287875634917,
	WEIGHT_FORK_HAMMINGDISTANCE_L = -1.59545149234031,

	WEIGHT_WALL_DISTANCE = 3.36966637184284,
	WEIGHT_NEIGHBORS = 2.77412287658098,
	WEIGHT_NEIGHBOR_FREE = -2.80709340903763,
	WEIGHT_NEIGHBOR_OWNED = 3.3473963008482,
	WEIGHT_NEIGHBOR_TAKEN = -2.29985294851982
};
