File info:
Boardsize: 7 x 6
Particles: 30
Iterations: 34
Games Played Per Iteration: 900
Games Played: 30600
Games Played Per Minute: 34174,6789350339
MAX_SCORE: 2475
Cores: 14
Start Time: 19.09.2023 16:04:18
End Time: 19.09.2023 16:05:12
Total Time: 00:00:53.7239868
Boardsize: 7 x 6
Engine Depth: 2

Win Values:
VALUE_WIN_YELLOW: 2,5
VALUE_DRAW_YELLOW: 0,5
VALUE_LOSS_YELLOW: -3
VALUE_WIN_RED: 3
VALUE_DRAW_RED: 0,6
VALUE_LOSS_RED: -1,8


Best Global Particle:

Best Global Particle Score Internally: 450,125
{
	NAME = "Particle-GLOBAL-BEST",

	WEIGHT_SCORE_OWN = 2.90385913095127,
	WEIGHT_SCORE_OPPONENT = -1.26081478730863,
	WEIGHT_HAMMINGDISTANCE_OWN = -1.30248408773995,
	WEIGHT_HAMMINGDISTANCE_OPPONENT = 2.53294650977727,

	WEIGHT_FORK_HAMMINGDISTANCE_S = -0.204518748874595,
	WEIGHT_FORK_HAMMINGDISTANCE_L = -0.36647394298444,

	WEIGHT_WALL_DISTANCE = -0.608510954195782,
	WEIGHT_NEIGHBORS = 3.54577536617603,
	WEIGHT_NEIGHBOR_FREE = -2.27962779372065,
	WEIGHT_NEIGHBOR_OWNED = -2.03847130461159,
	WEIGHT_NEIGHBOR_TAKEN = 2.4721874093525
};
