File info:
Boardsize: 7 x 6
Particles: 30
Iterations: 65
Games Played Per Iteration: 900
Games Played: 58500
Games Played Per Minute: 72,6289788003726
MAX_SCORE: 2475
Cores: 14
Start Time: 17.09.2023 23:14:59
End Time: 18.09.2023 12:40:27
Total Time: 13:25:27.8170501
Boardsize: 7 x 6
Engine Depth: 6

Win Values:
VALUE_WIN_YELLOW: 2,5
VALUE_DRAW_YELLOW: 0,5
VALUE_LOSS_YELLOW: -3
VALUE_WIN_RED: 3
VALUE_DRAW_RED: 0,6
VALUE_LOSS_RED: -1,8


Best Global Particle:

Best Global Particle Score Internally: 49,6570769230769
{
	NAME = "Particle-GLOBAL-BEST",

	WEIGHT_SCORE_OWN = 2.20049539439959,
	WEIGHT_SCORE_OPPONENT = 0.198808838745857,
	WEIGHT_HAMMINGDISTANCE_OWN = 0.19973829729018,
	WEIGHT_HAMMINGDISTANCE_OPPONENT = 1.20147831780292,

	WEIGHT_FORK_HAMMINGDISTANCE_S = 0.10193169630101,
	WEIGHT_FORK_HAMMINGDISTANCE_L = -0.201596565651993,

	WEIGHT_WALL_DISTANCE = 1.20000492194647,
	WEIGHT_NEIGHBORS = 0.499423014077498,
	WEIGHT_NEIGHBOR_FREE = 1.70017873745502,
	WEIGHT_NEIGHBOR_OWNED = 2.30052691845689,
	WEIGHT_NEIGHBOR_TAKEN = 0.300162344084796
};
