File info:
Boardsize: 7 x 6
Particles: 30
Iterations: 31
Games Played Per Iteration: 900
Games Played: 27900
Games Played Per Minute: 33732,224817734
MAX_SCORE: 2475
Cores: 14
Start Time: 19.09.2023 16:04:18
End Time: 19.09.2023 16:05:08
Total Time: 00:00:49.6261367
Boardsize: 7 x 6
Engine Depth: 2

Win Values:
VALUE_WIN_YELLOW: 2,5
VALUE_DRAW_YELLOW: 0,5
VALUE_LOSS_YELLOW: -3
VALUE_WIN_RED: 3
VALUE_DRAW_RED: 0,6
VALUE_LOSS_RED: -1,8


Best Global Particle:

Best Global Particle Score Internally: 450,125
{
	NAME = "Particle-GLOBAL-BEST",

	WEIGHT_SCORE_OWN = 2.95917123916043,
	WEIGHT_SCORE_OPPONENT = -1.29314355031707,
	WEIGHT_HAMMINGDISTANCE_OWN = -1.35776905548971,
	WEIGHT_HAMMINGDISTANCE_OPPONENT = 2.53183227341421,

	WEIGHT_FORK_HAMMINGDISTANCE_S = -0.204475958519897,
	WEIGHT_FORK_HAMMINGDISTANCE_L = -0.366102904883664,

	WEIGHT_WALL_DISTANCE = -0.604460770714814,
	WEIGHT_NEIGHBORS = 3.78781137494274,
	WEIGHT_NEIGHBOR_FREE = -2.27706589420549,
	WEIGHT_NEIGHBOR_OWNED = -2.11224360059162,
	WEIGHT_NEIGHBOR_TAKEN = 2.56573431832087
};
