File info:
Boardsize: 7 x 6
Particles: 30
Iterations: 63
Games Played Per Iteration: 900
Games Played: 56700
Games Played Per Minute: 14266,3384426424
MAX_SCORE: 2475
Cores: 14
Start Time: 19.09.2023 16:11:15
End Time: 19.09.2023 16:15:13
Total Time: 00:03:58.4634301
Boardsize: 7 x 6
Engine Depth: 2

Win Values:
VALUE_WIN_YELLOW: 2,5
VALUE_DRAW_YELLOW: 0,5
VALUE_LOSS_YELLOW: -3
VALUE_WIN_RED: 3
VALUE_DRAW_RED: 0,6
VALUE_LOSS_RED: -1,8


Best Global Particle:

Best Global Particle Score Internally: 512,525
{
	NAME = "Particle-GLOBAL-BEST",

	WEIGHT_SCORE_OWN = -1.20135535463534,
	WEIGHT_SCORE_OPPONENT = 2.80130603024584,
	WEIGHT_HAMMINGDISTANCE_OWN = 2.25258412504557,
	WEIGHT_HAMMINGDISTANCE_OPPONENT = 2.80723831914324,

	WEIGHT_FORK_HAMMINGDISTANCE_S = 2.19035292906083,
	WEIGHT_FORK_HAMMINGDISTANCE_L = -1.20289389763778,

	WEIGHT_WALL_DISTANCE = 3.20095463186006,
	WEIGHT_NEIGHBORS = 2.7181861422299,
	WEIGHT_NEIGHBOR_FREE = -2.30327217847782,
	WEIGHT_NEIGHBOR_OWNED = 3.30004773154069,
	WEIGHT_NEIGHBOR_TAKEN = -2.2006312281433
};
