File info:
Boardsize: 7 x 6
Particles: 30
Iterations: 40
Games Played Per Iteration: 900
Games Played: 36000
Games Played Per Minute: 71,0128760084208
MAX_SCORE: 2475
Cores: 14
Start Time: 18.09.2023 14:00:02
End Time: 18.09.2023 22:26:59
Total Time: 08:26:57.0190170
Boardsize: 7 x 6
Engine Depth: 6

Win Values:
VALUE_WIN_YELLOW: 2,5
VALUE_DRAW_YELLOW: 0,5
VALUE_LOSS_YELLOW: -3
VALUE_WIN_RED: 3
VALUE_DRAW_RED: 0,6
VALUE_LOSS_RED: -1,8


Best Global Particle:

Best Global Particle Score Internally: 49,4964615384615
{
	NAME = "Particle-GLOBAL-BEST",

	WEIGHT_SCORE_OWN = -1.37423789280104,
	WEIGHT_SCORE_OPPONENT = 0.449129484460752,
	WEIGHT_HAMMINGDISTANCE_OWN = 2.85435307554953,
	WEIGHT_HAMMINGDISTANCE_OPPONENT = -2.30625573053435,

	WEIGHT_FORK_HAMMINGDISTANCE_S = -0.483838573516938,
	WEIGHT_FORK_HAMMINGDISTANCE_L = -1.24825503500457,

	WEIGHT_WALL_DISTANCE = -1.84810698516459,
	WEIGHT_NEIGHBORS = -1.17259177433163,
	WEIGHT_NEIGHBOR_FREE = -0.438693705372945,
	WEIGHT_NEIGHBOR_OWNED = -2.01028120439255,
	WEIGHT_NEIGHBOR_TAKEN = -2.31876798343211
};
