File info:
Boardsize: 7 x 6
Particles: 30
Iterations: 36
Games Played Per Iteration: 900
Games Played: 32400
Games Played Per Minute: 69,5824722568132
MAX_SCORE: 2475
Cores: 14
Start Time: 18.09.2023 14:00:02
End Time: 18.09.2023 21:45:40
Total Time: 07:45:38.0702776
Boardsize: 7 x 6
Engine Depth: 6

Win Values:
VALUE_WIN_YELLOW: 2,5
VALUE_DRAW_YELLOW: 0,5
VALUE_LOSS_YELLOW: -3
VALUE_WIN_RED: 3
VALUE_DRAW_RED: 0,6
VALUE_LOSS_RED: -1,8


Best Global Particle:

Best Global Particle Score Internally: 49,4964615384615
{
	NAME = "Particle-GLOBAL-BEST",

	WEIGHT_SCORE_OWN = -1.51169991284326,
	WEIGHT_SCORE_OPPONENT = 0.445240866928689,
	WEIGHT_HAMMINGDISTANCE_OWN = 2.90189758116903,
	WEIGHT_HAMMINGDISTANCE_OPPONENT = -2.39339069630651,

	WEIGHT_FORK_HAMMINGDISTANCE_S = -0.477887108028611,
	WEIGHT_FORK_HAMMINGDISTANCE_L = -1.29211649806555,

	WEIGHT_WALL_DISTANCE = -1.88538340695763,
	WEIGHT_NEIGHBORS = -1.16816452392018,
	WEIGHT_NEIGHBOR_FREE = -0.438836557097626,
	WEIGHT_NEIGHBOR_OWNED = -2.0990245423781,
	WEIGHT_NEIGHBOR_TAKEN = -2.40892223773095
};
