File info:
Boardsize: 7 x 6
Particles: 30
Iterations: 40
Games Played Per Iteration: 900
Games Played: 36000
Games Played Per Minute: 98,3646341535637
MAX_SCORE: 2475
Cores: 14
Start Time: 17.09.2023 23:14:59
End Time: 18.09.2023 05:20:58
Total Time: 06:05:59.1118148
Boardsize: 7 x 6
Engine Depth: 6

Win Values:
VALUE_WIN_YELLOW: 2,5
VALUE_DRAW_YELLOW: 0,5
VALUE_LOSS_YELLOW: -3
VALUE_WIN_RED: 3
VALUE_DRAW_RED: 0,6
VALUE_LOSS_RED: -1,8


Best Global Particle:

Best Global Particle Score Internally: 49,6570769230769
{
	NAME = "Particle-GLOBAL-BEST",

	WEIGHT_SCORE_OWN = 2.22880388532961,
	WEIGHT_SCORE_OPPONENT = 0.130934875239736,
	WEIGHT_HAMMINGDISTANCE_OWN = 0.18464889970867,
	WEIGHT_HAMMINGDISTANCE_OPPONENT = 1.2856455433212,

	WEIGHT_FORK_HAMMINGDISTANCE_S = 0.101869556151836,
	WEIGHT_FORK_HAMMINGDISTANCE_L = -0.292583953470884,

	WEIGHT_WALL_DISTANCE = 1.20029294196234,
	WEIGHT_NEIGHBORS = 0.466504491479992,
	WEIGHT_NEIGHBOR_FREE = 1.71034480619881,
	WEIGHT_NEIGHBOR_OWNED = 2.33057861976697,
	WEIGHT_NEIGHBOR_TAKEN = 0.309419050362868
};
