File info:
Boardsize: 7 x 6
Particles: 30
Iterations: 19
Games Played Per Iteration: 900
Games Played: 17100
Games Played Per Minute: 16879,8010540725
MAX_SCORE: 2475
Cores: 14
Start Time: 19.09.2023 15:32:16
End Time: 19.09.2023 15:33:17
Total Time: 00:01:00.7827069
Boardsize: 7 x 6
Engine Depth: 2

Win Values:
VALUE_WIN_YELLOW: 2,5
VALUE_DRAW_YELLOW: 0,5
VALUE_LOSS_YELLOW: -3
VALUE_WIN_RED: 3
VALUE_DRAW_RED: 0,6
VALUE_LOSS_RED: -1,8


Best Global Particle:

Best Global Particle Score Internally: 1005,875
{
	NAME = "Particle-GLOBAL-BEST",

	WEIGHT_SCORE_OWN = 6.07169994297726,
	WEIGHT_SCORE_OPPONENT = 3.75304650681467,
	WEIGHT_HAMMINGDISTANCE_OWN = 7.35150583227146,
	WEIGHT_HAMMINGDISTANCE_OPPONENT = -3.4387388607569,

	WEIGHT_FORK_HAMMINGDISTANCE_S = -5.66613708534705,
	WEIGHT_FORK_HAMMINGDISTANCE_L = 4.14118491364269,

	WEIGHT_WALL_DISTANCE = -5.11303519412241,
	WEIGHT_NEIGHBORS = -5.06193064950284,
	WEIGHT_NEIGHBOR_FREE = -2.28526771791875,
	WEIGHT_NEIGHBOR_OWNED = -6.6936048725711,
	WEIGHT_NEIGHBOR_TAKEN = -4.0440057434764
};
