File info:
Boardsize: 7 x 6
Particles: 30
Iterations: 58
Games Played Per Iteration: 900
Games Played: 52200
Games Played Per Minute: 14728,821259672
MAX_SCORE: 2475
Cores: 14
Start Time: 19.09.2023 16:11:15
End Time: 19.09.2023 16:14:47
Total Time: 00:03:32.6443077
Boardsize: 7 x 6
Engine Depth: 2

Win Values:
VALUE_WIN_YELLOW: 2,5
VALUE_DRAW_YELLOW: 0,5
VALUE_LOSS_YELLOW: -3
VALUE_WIN_RED: 3
VALUE_DRAW_RED: 0,6
VALUE_LOSS_RED: -1,8


Best Global Particle:

Best Global Particle Score Internally: 512,525
{
	NAME = "Particle-GLOBAL-BEST",

	WEIGHT_SCORE_OWN = -1.20305461206531,
	WEIGHT_SCORE_OPPONENT = 2.8029434371534,
	WEIGHT_HAMMINGDISTANCE_OWN = 2.25258417192636,
	WEIGHT_HAMMINGDISTANCE_OPPONENT = 2.81631319388434,

	WEIGHT_FORK_HAMMINGDISTANCE_S = 2.19035287088346,
	WEIGHT_FORK_HAMMINGDISTANCE_L = -1.20652203894567,

	WEIGHT_WALL_DISTANCE = 3.20215149764731,
	WEIGHT_NEIGHBORS = 2.7181861904595,
	WEIGHT_NEIGHBOR_FREE = -2.30737461436823,
	WEIGHT_NEIGHBOR_OWNED = 3.30010759800842,
	WEIGHT_NEIGHBOR_TAKEN = -2.20142262047626
};
