File info:
Boardsize: 7 x 6
Particles: 30
Iterations: 59
Games Played Per Iteration: 900
Games Played: 53100
Games Played Per Minute: 14653,3088256299
MAX_SCORE: 2475
Cores: 14
Start Time: 19.09.2023 16:11:15
End Time: 19.09.2023 16:14:52
Total Time: 00:03:37.4252954
Boardsize: 7 x 6
Engine Depth: 2

Win Values:
VALUE_WIN_YELLOW: 2,5
VALUE_DRAW_YELLOW: 0,5
VALUE_LOSS_YELLOW: -3
VALUE_WIN_RED: 3
VALUE_DRAW_RED: 0,6
VALUE_LOSS_RED: -1,8


Best Global Particle:

Best Global Particle Score Internally: 512,525
{
	NAME = "Particle-GLOBAL-BEST",

	WEIGHT_SCORE_OWN = -1.20259642741813,
	WEIGHT_SCORE_OPPONENT = 2.80250193333478,
	WEIGHT_HAMMINGDISTANCE_OWN = 2.25258414394249,
	WEIGHT_HAMMINGDISTANCE_OPPONENT = 2.81386628440111,

	WEIGHT_FORK_HAMMINGDISTANCE_S = 2.19035290561044,
	WEIGHT_FORK_HAMMINGDISTANCE_L = -1.20554376803875,

	WEIGHT_WALL_DISTANCE = 3.20182877394119,
	WEIGHT_NEIGHBORS = 2.7181861616705,
	WEIGHT_NEIGHBOR_FREE = -2.30626844553569,
	WEIGHT_NEIGHBOR_OWNED = 3.30009144785266,
	WEIGHT_NEIGHBOR_TAKEN = -2.2012092313559
};
