File info:
Boardsize: 7 x 6
Particles: 30
Iterations: 9
Games Played Per Iteration: 900
Games Played: 8100
Games Played Per Minute: 166,909460804059
MAX_SCORE: 2475
Cores: 16
Start Time: 19.09.2023 16:55:59
End Time: 19.09.2023 17:44:31
Total Time: 00:48:31.7582530
Boardsize: 7 x 6
Engine Depth: 6

Win Values:
VALUE_WIN_YELLOW: 2,5
VALUE_DRAW_YELLOW: 0,5
VALUE_LOSS_YELLOW: -3
VALUE_WIN_RED: 3
VALUE_DRAW_RED: 0,6
VALUE_LOSS_RED: -1,8


Best Global Particle:

Best Global Particle Score Internally: 391,95
{
	NAME = "Particle-GLOBAL-BEST",

	WEIGHT_SCORE_OWN = 2.07138974900286,
	WEIGHT_SCORE_OPPONENT = -0.715319112928184,
	WEIGHT_HAMMINGDISTANCE_OWN = 0.0582723672739458,
	WEIGHT_HAMMINGDISTANCE_OPPONENT = 2.28924084158538,

	WEIGHT_FORK_HAMMINGDISTANCE_S = 0.222847952824874,
	WEIGHT_FORK_HAMMINGDISTANCE_L = -0.300431173437275,

	WEIGHT_WALL_DISTANCE = 0.859477447519331,
	WEIGHT_NEIGHBORS = -2.19431009779551,
	WEIGHT_NEIGHBOR_FREE = -4.89301944162111,
	WEIGHT_NEIGHBOR_OWNED = -4.21848077966131,
	WEIGHT_NEIGHBOR_TAKEN = 0.748703872374691
};
