File info:
Boardsize: 7 x 6
Particles: 30
Iterations: 70
Games Played Per Iteration: 900
Games Played: 63000
Games Played Per Minute: 13786,5075112071
MAX_SCORE: 2475
Cores: 14
Start Time: 19.09.2023 16:11:15
End Time: 19.09.2023 16:15:49
Total Time: 00:04:34.1811149
Boardsize: 7 x 6
Engine Depth: 2

Win Values:
VALUE_WIN_YELLOW: 2,5
VALUE_DRAW_YELLOW: 0,5
VALUE_LOSS_YELLOW: -3
VALUE_WIN_RED: 3
VALUE_DRAW_RED: 0,6
VALUE_LOSS_RED: -1,8


Best Global Particle:

Best Global Particle Score Internally: 512,525
{
	NAME = "Particle-GLOBAL-BEST",

	WEIGHT_SCORE_OWN = -1.20043449570268,
	WEIGHT_SCORE_OPPONENT = 2.80041868347204,
	WEIGHT_HAMMINGDISTANCE_OWN = 2.25258412449714,
	WEIGHT_HAMMINGDISTANCE_OPPONENT = 2.80232043985892,

	WEIGHT_FORK_HAMMINGDISTANCE_S = 2.19035292974142,
	WEIGHT_FORK_HAMMINGDISTANCE_L = -1.2009277175716,

	WEIGHT_WALL_DISTANCE = 3.20030603310997,
	WEIGHT_NEIGHBORS = 2.71818614166569,
	WEIGHT_NEIGHBOR_FREE = -2.30104898564443,
	WEIGHT_NEIGHBOR_OWNED = 3.30001530155062,
	WEIGHT_NEIGHBOR_TAKEN = -2.20020235731337
};
