File info:
Boardsize: 7 x 6
Particles: 30
Iterations: 24
Games Played Per Iteration: 900
Games Played: 21600
Games Played Per Minute: 86,3561190903044
MAX_SCORE: 2475
Cores: 14
Start Time: 17.09.2023 23:14:59
End Time: 18.09.2023 03:25:07
Total Time: 04:10:07.6220846
Boardsize: 7 x 6
Engine Depth: 6

Win Values:
VALUE_WIN_YELLOW: 2,5
VALUE_DRAW_YELLOW: 0,5
VALUE_LOSS_YELLOW: -3
VALUE_WIN_RED: 3
VALUE_DRAW_RED: 0,6
VALUE_LOSS_RED: -1,8


Best Global Particle:

Best Global Particle Score Internally: 49,6570769230769
{
	NAME = "Particle-GLOBAL-BEST",

	WEIGHT_SCORE_OWN = 2.58525001904529,
	WEIGHT_SCORE_OPPONENT = -0.434102787338969,
	WEIGHT_HAMMINGDISTANCE_OWN = -0.207694137242044,
	WEIGHT_HAMMINGDISTANCE_OPPONENT = 1.88202068778049,

	WEIGHT_FORK_HAMMINGDISTANCE_S = 0.0180155204313955,
	WEIGHT_FORK_HAMMINGDISTANCE_L = -1.06950933829483,

	WEIGHT_WALL_DISTANCE = 1.21406985222323,
	WEIGHT_NEIGHBORS = 0.130620531866018,
	WEIGHT_NEIGHBOR_FREE = 1.76693593611983,
	WEIGHT_NEIGHBOR_OWNED = 2.62166218560858,
	WEIGHT_NEIGHBOR_TAKEN = 0.395694343014006
};
