File info:
Boardsize: 7 x 6
Particles: 30
Iterations: 28
Games Played Per Iteration: 900
Games Played: 25200
Games Played Per Minute: 67,5425246960557
MAX_SCORE: 2475
Cores: 14
Start Time: 18.09.2023 14:00:02
End Time: 18.09.2023 20:13:08
Total Time: 06:13:05.8969857
Boardsize: 7 x 6
Engine Depth: 6

Win Values:
VALUE_WIN_YELLOW: 2,5
VALUE_DRAW_YELLOW: 0,5
VALUE_LOSS_YELLOW: -3
VALUE_WIN_RED: 3
VALUE_DRAW_RED: 0,6
VALUE_LOSS_RED: -1,8


Best Global Particle:

Best Global Particle Score Internally: 49,4964615384615
{
	NAME = "Particle-GLOBAL-BEST",

	WEIGHT_SCORE_OWN = -1.89784109543946,
	WEIGHT_SCORE_OPPONENT = 0.38627283556468,
	WEIGHT_HAMMINGDISTANCE_OWN = 3.12899406829536,
	WEIGHT_HAMMINGDISTANCE_OPPONENT = -2.70447637614772,

	WEIGHT_FORK_HAMMINGDISTANCE_S = -0.387637501148055,
	WEIGHT_FORK_HAMMINGDISTANCE_L = -1.53149014226531,

	WEIGHT_WALL_DISTANCE = -1.97652135041053,
	WEIGHT_NEIGHBORS = -1.10102852019487,
	WEIGHT_NEIGHBOR_FREE = -0.441002798676275,
	WEIGHT_NEIGHBOR_OWNED = -2.38318872776716,
	WEIGHT_NEIGHBOR_TAKEN = -2.59105335821234
};
