File info:
Boardsize: 7 x 6
Particles: 30
Iterations: 69
Games Played Per Iteration: 900
Games Played: 62100
Games Played Per Minute: 39409,8309071282
MAX_SCORE: 2475
Cores: 14
Start Time: 19.09.2023 16:04:18
End Time: 19.09.2023 16:05:53
Total Time: 00:01:34.5449375
Boardsize: 7 x 6
Engine Depth: 2

Win Values:
VALUE_WIN_YELLOW: 2,5
VALUE_DRAW_YELLOW: 0,5
VALUE_LOSS_YELLOW: -3
VALUE_WIN_RED: 3
VALUE_DRAW_RED: 0,6
VALUE_LOSS_RED: -1,8


Best Global Particle:

Best Global Particle Score Internally: 450,125
{
	NAME = "Particle-GLOBAL-BEST",

	WEIGHT_SCORE_OWN = 2.80037760257156,
	WEIGHT_SCORE_OPPONENT = -1.20022126015329,
	WEIGHT_HAMMINGDISTANCE_OWN = -1.20037076308141,
	WEIGHT_HAMMINGDISTANCE_OPPONENT = 2.53363120700566,

	WEIGHT_FORK_HAMMINGDISTANCE_S = -0.204545043508511,
	WEIGHT_FORK_HAMMINGDISTANCE_L = -0.366701945558805,

	WEIGHT_WALL_DISTANCE = -0.61099978824916,
	WEIGHT_NEIGHBORS = 3.10160863101647,
	WEIGHT_NEIGHBOR_FREE = -2.28120207863505,
	WEIGHT_NEIGHBOR_OWNED = -1.90050337267218,
	WEIGHT_NEIGHBOR_TAKEN = 2.30062120938701
};
