File info:
Boardsize: 7 x 6
Particles: 30
Iterations: 72
Games Played Per Iteration: 900
Games Played: 64800
Games Played Per Minute: 49380,5571082447
MAX_SCORE: 2475
Cores: 14
Start Time: 19.09.2023 15:34:07
End Time: 19.09.2023 15:35:25
Total Time: 00:01:18.7354422
Boardsize: 7 x 6
Engine Depth: 2

Win Values:
VALUE_WIN_YELLOW: 2,5
VALUE_DRAW_YELLOW: 0,5
VALUE_LOSS_YELLOW: -3
VALUE_WIN_RED: 3
VALUE_DRAW_RED: 0,6
VALUE_LOSS_RED: -1,8


Best Global Particle:

Best Global Particle Score Internally: 432,25
{
	NAME = "Particle-GLOBAL-BEST",

	WEIGHT_SCORE_OWN = 2.85809012426511,
	WEIGHT_SCORE_OPPONENT = 1.65188658068321,
	WEIGHT_HAMMINGDISTANCE_OWN = -1.24208052254559,
	WEIGHT_HAMMINGDISTANCE_OPPONENT = -2.22388921972174,

	WEIGHT_FORK_HAMMINGDISTANCE_S = -1.21127433613134,
	WEIGHT_FORK_HAMMINGDISTANCE_L = 0.565097428631181,

	WEIGHT_WALL_DISTANCE = -1.8480378226026,
	WEIGHT_NEIGHBORS = -2.00343149324178,
	WEIGHT_NEIGHBOR_FREE = -2.35609356546566,
	WEIGHT_NEIGHBOR_OWNED = -1.90103144116302,
	WEIGHT_NEIGHBOR_TAKEN = -0.249652662751626
};
