File info:
Boardsize: 7 x 6
Particles: 30
Iterations: 44
Games Played Per Iteration: 900
Games Played: 39600
Games Played Per Minute: 100,026046317273
MAX_SCORE: 2475
Cores: 14
Start Time: 17.09.2023 23:14:59
End Time: 18.09.2023 05:50:53
Total Time: 06:35:53.8130065
Boardsize: 7 x 6
Engine Depth: 6

Win Values:
VALUE_WIN_YELLOW: 2,5
VALUE_DRAW_YELLOW: 0,5
VALUE_LOSS_YELLOW: -3
VALUE_WIN_RED: 3
VALUE_DRAW_RED: 0,6
VALUE_LOSS_RED: -1,8


Best Global Particle:

Best Global Particle Score Internally: 49,6570769230769
{
	NAME = "Particle-GLOBAL-BEST",

	WEIGHT_SCORE_OWN = 2.21503656713018,
	WEIGHT_SCORE_OPPONENT = 0.163863588689237,
	WEIGHT_HAMMINGDISTANCE_OWN = 0.192043634750393,
	WEIGHT_HAMMINGDISTANCE_OPPONENT = 1.244841246418,

	WEIGHT_FORK_HAMMINGDISTANCE_S = 0.101924889890252,
	WEIGHT_FORK_HAMMINGDISTANCE_L = -0.24843646163422,

	WEIGHT_WALL_DISTANCE = 1.20015004539787,
	WEIGHT_NEIGHBORS = 0.482491949493172,
	WEIGHT_NEIGHBOR_FREE = 1.70542058796373,
	WEIGHT_NEIGHBOR_OWNED = 2.31598780866704,
	WEIGHT_NEIGHBOR_TAKEN = 0.304925642545237
};
