File info:
Boardsize: 7 x 6
Particles: 30
Iterations: 18
Games Played Per Iteration: 900
Games Played: 16200
Games Played Per Minute: 30456,2481331448
MAX_SCORE: 2475
Cores: 14
Start Time: 19.09.2023 16:04:18
End Time: 19.09.2023 16:04:50
Total Time: 00:00:31.9146336
Boardsize: 7 x 6
Engine Depth: 2

Win Values:
VALUE_WIN_YELLOW: 2,5
VALUE_DRAW_YELLOW: 0,5
VALUE_LOSS_YELLOW: -3
VALUE_WIN_RED: 3
VALUE_DRAW_RED: 0,6
VALUE_LOSS_RED: -1,8


Best Global Particle:

Best Global Particle Score Internally: 450,125
{
	NAME = "Particle-GLOBAL-BEST",

	WEIGHT_SCORE_OWN = 3.63720500690458,
	WEIGHT_SCORE_OPPONENT = -1.68687898681445,
	WEIGHT_HAMMINGDISTANCE_OWN = -2.06593433288127,
	WEIGHT_HAMMINGDISTANCE_OPPONENT = 2.50154359864174,

	WEIGHT_FORK_HAMMINGDISTANCE_S = -0.203312773418598,
	WEIGHT_FORK_HAMMINGDISTANCE_L = -0.35601684708195,

	WEIGHT_WALL_DISTANCE = -0.494363223828895,
	WEIGHT_NEIGHBORS = 6.95479325367242,
	WEIGHT_NEIGHBOR_FREE = -2.20742488823331,
	WEIGHT_NEIGHBOR_OWNED = -3.01772753040058,
	WEIGHT_NEIGHBOR_TAKEN = 3.79218286700436
};
