File info:
Boardsize: 7 x 6
Particles: 30
Iterations: 3
Games Played Per Iteration: 900
Games Played: 2700
Games Played Per Minute: 124,176134845275
MAX_SCORE: 2475
Cores: 16
Start Time: 19.09.2023 16:32:46
End Time: 19.09.2023 16:54:31
Total Time: 00:21:44.5985060
Boardsize: 7 x 6
Engine Depth: 6

Win Values:
VALUE_WIN_YELLOW: 2,5
VALUE_DRAW_YELLOW: 0,5
VALUE_LOSS_YELLOW: -3
VALUE_WIN_RED: 3
VALUE_DRAW_RED: 0,6
VALUE_LOSS_RED: -1,8


Best Global Particle:

Best Global Particle Score Internally: 417,625
{
	NAME = "Particle-GLOBAL-BEST",

	WEIGHT_SCORE_OWN = 0.511032472555585,
	WEIGHT_SCORE_OPPONENT = 0.783762961800579,
	WEIGHT_HAMMINGDISTANCE_OWN = -2.18906394226393,
	WEIGHT_HAMMINGDISTANCE_OPPONENT = 6.39428369587938,

	WEIGHT_FORK_HAMMINGDISTANCE_S = 0.3181789981326,
	WEIGHT_FORK_HAMMINGDISTANCE_L = 0.0578477212069339,

	WEIGHT_WALL_DISTANCE = 1.14764034102091,
	WEIGHT_NEIGHBORS = -1.30912515778741,
	WEIGHT_NEIGHBOR_FREE = 0.238205187622016,
	WEIGHT_NEIGHBOR_OWNED = -3.18940843580697,
	WEIGHT_NEIGHBOR_TAKEN = -0.229880447227983
};
