File info:
Boardsize: 7 x 6
Particles: 30
Iterations: 55
Games Played Per Iteration: 900
Games Played: 49500
Games Played Per Minute: 14967,2628316937
MAX_SCORE: 2475
Cores: 14
Start Time: 19.09.2023 16:11:15
End Time: 19.09.2023 16:14:33
Total Time: 00:03:18.4330758
Boardsize: 7 x 6
Engine Depth: 2

Win Values:
VALUE_WIN_YELLOW: 2,5
VALUE_DRAW_YELLOW: 0,5
VALUE_LOSS_YELLOW: -3
VALUE_WIN_RED: 3
VALUE_DRAW_RED: 0,6
VALUE_LOSS_RED: -1,8


Best Global Particle:

Best Global Particle Score Internally: 512,525
{
	NAME = "Particle-GLOBAL-BEST",

	WEIGHT_SCORE_OWN = -1.20497371592393,
	WEIGHT_SCORE_OPPONENT = 2.80479255172226,
	WEIGHT_HAMMINGDISTANCE_OWN = 2.25258481267959,
	WEIGHT_HAMMINGDISTANCE_OPPONENT = 2.82656127431263,

	WEIGHT_FORK_HAMMINGDISTANCE_S = 2.19035207573179,
	WEIGHT_FORK_HAMMINGDISTANCE_L = -1.21061902848128,

	WEIGHT_WALL_DISTANCE = 3.20350332705869,
	WEIGHT_NEIGHBORS = 2.71818684964784,
	WEIGHT_NEIGHBOR_FREE = -2.3120076451207,
	WEIGHT_NEIGHBOR_OWNED = 3.30017551144362,
	WEIGHT_NEIGHBOR_TAKEN = -2.20231638419147
};
