File info:
Boardsize: 7 x 6
Particles: 30
Iterations: 5
Games Played Per Iteration: 900
Games Played: 4500
Games Played Per Minute: 97,4364044077806
MAX_SCORE: 2475
Cores: 14
Start Time: 17.09.2023 23:14:59
End Time: 18.09.2023 00:01:10
Total Time: 00:46:11.0382135
Boardsize: 7 x 6
Engine Depth: 6

Win Values:
VALUE_WIN_YELLOW: 2,5
VALUE_DRAW_YELLOW: 0,5
VALUE_LOSS_YELLOW: -3
VALUE_WIN_RED: 3
VALUE_DRAW_RED: 0,6
VALUE_LOSS_RED: -1,8


Best Global Particle:

Best Global Particle Score Internally: 49,5512307692308
{
	NAME = "Particle-GLOBAL-BEST",

	WEIGHT_SCORE_OWN = 4.58588130346446,
	WEIGHT_SCORE_OPPONENT = 0.776777750953026,
	WEIGHT_HAMMINGDISTANCE_OWN = -3.71644275122521,
	WEIGHT_HAMMINGDISTANCE_OPPONENT = 1.42985491587059,

	WEIGHT_FORK_HAMMINGDISTANCE_S = -0.293500639405844,
	WEIGHT_FORK_HAMMINGDISTANCE_L = -0.805606732600805,

	WEIGHT_WALL_DISTANCE = 1.22894676787235,
	WEIGHT_NEIGHBORS = -0.741540693624921,
	WEIGHT_NEIGHBOR_FREE = 1.43427484439431,
	WEIGHT_NEIGHBOR_OWNED = 3.48191881400305,
	WEIGHT_NEIGHBOR_TAKEN = 0.417711196054621
};
