File info:
Boardsize: 7 x 6
Particles: 30
Iterations: 58
Games Played Per Iteration: 900
Games Played: 52200
Games Played Per Minute: 37643,1316983711
MAX_SCORE: 2475
Cores: 14
Start Time: 19.09.2023 16:04:18
End Time: 19.09.2023 16:05:41
Total Time: 00:01:23.2024292
Boardsize: 7 x 6
Engine Depth: 2

Win Values:
VALUE_WIN_YELLOW: 2,5
VALUE_DRAW_YELLOW: 0,5
VALUE_LOSS_YELLOW: -3
VALUE_WIN_RED: 3
VALUE_DRAW_RED: 0,6
VALUE_LOSS_RED: -1,8


Best Global Particle:

Best Global Particle Score Internally: 450,125
{
	NAME = "Particle-GLOBAL-BEST",

	WEIGHT_SCORE_OWN = 2.80225629200765,
	WEIGHT_SCORE_OPPONENT = -1.20132209685676,
	WEIGHT_HAMMINGDISTANCE_OWN = -1.20221543473162,
	WEIGHT_HAMMINGDISTANCE_OPPONENT = 2.53363119184907,

	WEIGHT_FORK_HAMMINGDISTANCE_S = -0.204545042926448,
	WEIGHT_FORK_HAMMINGDISTANCE_L = -0.366701940511695,

	WEIGHT_WALL_DISTANCE = -0.610999733155836,
	WEIGHT_NEIGHBORS = 3.10961213808313,
	WEIGHT_NEIGHBOR_FREE = -2.28120204378637,
	WEIGHT_NEIGHBOR_OWNED = -1.9030078076202,
	WEIGHT_NEIGHBOR_TAKEN = 2.30371194621755
};
