File info:
Boardsize: 7 x 6
Particles: 30
Iterations: 43
Games Played Per Iteration: 900
Games Played: 38700
Games Played Per Minute: 35024,2753825856
MAX_SCORE: 2475
Cores: 14
Start Time: 19.09.2023 16:04:18
End Time: 19.09.2023 16:05:25
Total Time: 00:01:06.2968748
Boardsize: 7 x 6
Engine Depth: 2

Win Values:
VALUE_WIN_YELLOW: 2,5
VALUE_DRAW_YELLOW: 0,5
VALUE_LOSS_YELLOW: -3
VALUE_WIN_RED: 3
VALUE_DRAW_RED: 0,6
VALUE_LOSS_RED: -1,8


Best Global Particle:

Best Global Particle Score Internally: 450,125
{
	NAME = "Particle-GLOBAL-BEST",

	WEIGHT_SCORE_OWN = 2.82569308057826,
	WEIGHT_SCORE_OPPONENT = -1.21505436165453,
	WEIGHT_HAMMINGDISTANCE_OWN = -1.22523681626477,
	WEIGHT_HAMMINGDISTANCE_OPPONENT = 2.53361887270757,

	WEIGHT_FORK_HAMMINGDISTANCE_S = -0.204544569830746,
	WEIGHT_FORK_HAMMINGDISTANCE_L = -0.366697838266411,

	WEIGHT_WALL_DISTANCE = -0.61095495380286,
	WEIGHT_NEIGHBORS = 3.20951535496867,
	WEIGHT_NEIGHBOR_FREE = -2.28117371909362,
	WEIGHT_NEIGHBOR_OWNED = -1.93425115858383,
	WEIGHT_NEIGHBOR_TAKEN = 2.34229258112898
};
