File info:
Boardsize: 7 x 6
Particles: 30
Iterations: 27
Games Played Per Iteration: 900
Games Played: 24300
Games Played Per Minute: 67,8061108932433
MAX_SCORE: 2475
Cores: 14
Start Time: 18.09.2023 14:00:02
End Time: 18.09.2023 19:58:24
Total Time: 05:58:22.4867345
Boardsize: 7 x 6
Engine Depth: 6

Win Values:
VALUE_WIN_YELLOW: 2,5
VALUE_DRAW_YELLOW: 0,5
VALUE_LOSS_YELLOW: -3
VALUE_WIN_RED: 3
VALUE_DRAW_RED: 0,6
VALUE_LOSS_RED: -1,8


Best Global Particle:

Best Global Particle Score Internally: 49,4964615384615
{
	NAME = "Particle-GLOBAL-BEST",

	WEIGHT_SCORE_OWN = -1.94224337914773,
	WEIGHT_SCORE_OPPONENT = 0.369798853982307,
	WEIGHT_HAMMINGDISTANCE_OWN = 3.17911546703243,
	WEIGHT_HAMMINGDISTANCE_OPPONENT = -2.75726864595001,

	WEIGHT_FORK_HAMMINGDISTANCE_S = -0.362424341963737,
	WEIGHT_FORK_HAMMINGDISTANCE_L = -1.58882962526173,

	WEIGHT_WALL_DISTANCE = -1.9835173567591,
	WEIGHT_NEIGHBORS = -1.08227264072421,
	WEIGHT_NEIGHBOR_FREE = -0.441607984622697,
	WEIGHT_NEIGHBOR_OWNED = -2.42481618121796,
	WEIGHT_NEIGHBOR_TAKEN = -2.59374351614174
};
