File info:
Boardsize: 7 x 6
Particles: 30
Iterations: 7
Games Played Per Iteration: 900
Games Played: 6300
Games Played Per Minute: 70,2466025976792
MAX_SCORE: 2475
Cores: 14
Start Time: 17.09.2023 23:14:59
End Time: 18.09.2023 00:44:40
Total Time: 01:29:41.0431540
Boardsize: 7 x 6
Engine Depth: 6

Win Values:
VALUE_WIN_YELLOW: 2,5
VALUE_DRAW_YELLOW: 0,5
VALUE_LOSS_YELLOW: -3
VALUE_WIN_RED: 3
VALUE_DRAW_RED: 0,6
VALUE_LOSS_RED: -1,8


Best Global Particle:

Best Global Particle Score Internally: 49,5512307692308
{
	NAME = "Particle-GLOBAL-BEST",

	WEIGHT_SCORE_OWN = 5.04916951284844,
	WEIGHT_SCORE_OPPONENT = 0.530815810849279,
	WEIGHT_HAMMINGDISTANCE_OWN = -4.34599247875837,
	WEIGHT_HAMMINGDISTANCE_OPPONENT = 1.67985520330952,

	WEIGHT_FORK_HAMMINGDISTANCE_S = -0.402475629879239,
	WEIGHT_FORK_HAMMINGDISTANCE_L = -1.39253201137645,

	WEIGHT_WALL_DISTANCE = 1.36088382217497,
	WEIGHT_NEIGHBORS = -0.927470241648409,
	WEIGHT_NEIGHBOR_FREE = 1.46103335660002,
	WEIGHT_NEIGHBOR_OWNED = 3.57212536920285,
	WEIGHT_NEIGHBOR_TAKEN = 0.555931750685225
};
