File info:
Boardsize: 7 x 6
Particles: 30
Iterations: 44
Games Played Per Iteration: 900
Games Played: 39600
Games Played Per Minute: 71,9631916480705
MAX_SCORE: 2475
Cores: 14
Start Time: 18.09.2023 14:00:02
End Time: 18.09.2023 23:10:19
Total Time: 09:10:16.8791237
Boardsize: 7 x 6
Engine Depth: 6

Win Values:
VALUE_WIN_YELLOW: 2,5
VALUE_DRAW_YELLOW: 0,5
VALUE_LOSS_YELLOW: -3
VALUE_WIN_RED: 3
VALUE_DRAW_RED: 0,6
VALUE_LOSS_RED: -1,8


Best Global Particle:

Best Global Particle Score Internally: 49,5469230769231
{
	NAME = "Particle-GLOBAL-BEST",

	WEIGHT_SCORE_OWN = -1.29640890938792,
	WEIGHT_SCORE_OPPONENT = 0.647979970686311,
	WEIGHT_HAMMINGDISTANCE_OWN = 2.84529464646238,
	WEIGHT_HAMMINGDISTANCE_OPPONENT = -2.25462937624845,

	WEIGHT_FORK_HAMMINGDISTANCE_S = -0.21490144163229,
	WEIGHT_FORK_HAMMINGDISTANCE_L = -1.22221176608823,

	WEIGHT_WALL_DISTANCE = -1.80857303073717,
	WEIGHT_NEIGHBORS = -1.09182030670561,
	WEIGHT_NEIGHBOR_FREE = -0.486763157613384,
	WEIGHT_NEIGHBOR_OWNED = -2.0127461352945,
	WEIGHT_NEIGHBOR_TAKEN = -2.27406241054533
};
