File info:
Boardsize: 7 x 6
Particles: 30
Iterations: 6
Games Played Per Iteration: 900
Games Played: 5400
Games Played Per Minute: 21931,0147476462
MAX_SCORE: 2475
Cores: 14
Start Time: 19.09.2023 16:04:18
End Time: 19.09.2023 16:04:33
Total Time: 00:00:14.7735982
Boardsize: 7 x 6
Engine Depth: 2

Win Values:
VALUE_WIN_YELLOW: 2,5
VALUE_DRAW_YELLOW: 0,5
VALUE_LOSS_YELLOW: -3
VALUE_WIN_RED: 3
VALUE_DRAW_RED: 0,6
VALUE_LOSS_RED: -1,8


Best Global Particle:

Best Global Particle Score Internally: 450,125
{
	NAME = "Particle-GLOBAL-BEST",

	WEIGHT_SCORE_OWN = 3.81848329326241,
	WEIGHT_SCORE_OPPONENT = -1.74383281728005,
	WEIGHT_HAMMINGDISTANCE_OWN = -2.82998750151242,
	WEIGHT_HAMMINGDISTANCE_OPPONENT = 2.17971423962384,

	WEIGHT_FORK_HAMMINGDISTANCE_S = -0.190953463597935,
	WEIGHT_FORK_HAMMINGDISTANCE_L = -0.24884842384365,

	WEIGHT_WALL_DISTANCE = 0.675467520167404,
	WEIGHT_NEIGHBORS = 11.5750802591709,
	WEIGHT_NEIGHBOR_FREE = -1.46746117302443,
	WEIGHT_NEIGHBOR_OWNED = -3.2816852038112,
	WEIGHT_NEIGHBOR_TAKEN = 5.62403665824083
};
