File info:
Boardsize: 7 x 6
Particles: 30
Iterations: 5
Games Played Per Iteration: 900
Games Played: 4500
Games Played Per Minute: 20598,3138830576
MAX_SCORE: 2475
Cores: 14
Start Time: 19.09.2023 16:04:18
End Time: 19.09.2023 16:04:31
Total Time: 00:00:13.1078690
Boardsize: 7 x 6
Engine Depth: 2

Win Values:
VALUE_WIN_YELLOW: 2,5
VALUE_DRAW_YELLOW: 0,5
VALUE_LOSS_YELLOW: -3
VALUE_WIN_RED: 3
VALUE_DRAW_RED: 0,6
VALUE_LOSS_RED: -1,8


Best Global Particle:

Best Global Particle Score Internally: 450,125
{
	NAME = "Particle-GLOBAL-BEST",

	WEIGHT_SCORE_OWN = 3.4000992770245,
	WEIGHT_SCORE_OPPONENT = -1.48601092103424,
	WEIGHT_HAMMINGDISTANCE_OWN = -2.56984073565813,
	WEIGHT_HAMMINGDISTANCE_OPPONENT = 2.10187484978189,

	WEIGHT_FORK_HAMMINGDISTANCE_S = -0.187964174061879,
	WEIGHT_FORK_HAMMINGDISTANCE_L = -0.22292808922704,

	WEIGHT_WALL_DISTANCE = 0.958409112596701,
	WEIGHT_NEIGHBORS = 10.7819331149741,
	WEIGHT_NEIGHBOR_FREE = -1.28848954572228,
	WEIGHT_NEIGHBOR_OWNED = -2.72968051139525,
	WEIGHT_NEIGHBOR_TAKEN = 5.32998794582874
};
