File info:
Boardsize: 7 x 6
Particles: 30
Iterations: 41
Games Played Per Iteration: 900
Games Played: 36900
Games Played Per Minute: 98,8468901639658
MAX_SCORE: 2475
Cores: 14
Start Time: 17.09.2023 23:14:59
End Time: 18.09.2023 05:28:17
Total Time: 06:13:18.2767321
Boardsize: 7 x 6
Engine Depth: 6

Win Values:
VALUE_WIN_YELLOW: 2,5
VALUE_DRAW_YELLOW: 0,5
VALUE_LOSS_YELLOW: -3
VALUE_WIN_RED: 3
VALUE_DRAW_RED: 0,6
VALUE_LOSS_RED: -1,8


Best Global Particle:

Best Global Particle Score Internally: 49,6570769230769
{
	NAME = "Particle-GLOBAL-BEST",

	WEIGHT_SCORE_OWN = 2.22448375246542,
	WEIGHT_SCORE_OPPONENT = 0.141244855546726,
	WEIGHT_HAMMINGDISTANCE_OWN = 0.186985358958447,
	WEIGHT_HAMMINGDISTANCE_OPPONENT = 1.27287799521197,

	WEIGHT_FORK_HAMMINGDISTANCE_S = 0.101893492080043,
	WEIGHT_FORK_HAMMINGDISTANCE_L = -0.278759828218892,

	WEIGHT_WALL_DISTANCE = 1.20024729798363,
	WEIGHT_NEIGHBORS = 0.47151507261106,
	WEIGHT_NEIGHBOR_FREE = 1.70880525868604,
	WEIGHT_NEIGHBOR_OWNED = 2.32600699018381,
	WEIGHT_NEIGHBOR_TAKEN = 0.308011433047226
};
