File info:
Boardsize: 7 x 6
Particles: 30
Iterations: 57
Games Played Per Iteration: 900
Games Played: 51300
Games Played Per Minute: 50997,4222642134
MAX_SCORE: 2475
Cores: 14
Start Time: 19.09.2023 15:34:07
End Time: 19.09.2023 15:35:07
Total Time: 00:01:00.3559918
Boardsize: 7 x 6
Engine Depth: 2

Win Values:
VALUE_WIN_YELLOW: 2,5
VALUE_DRAW_YELLOW: 0,5
VALUE_LOSS_YELLOW: -3
VALUE_WIN_RED: 3
VALUE_DRAW_RED: 0,6
VALUE_LOSS_RED: -1,8


Best Global Particle:

Best Global Particle Score Internally: 432,25
{
	NAME = "Particle-GLOBAL-BEST",

	WEIGHT_SCORE_OWN = 3.46463659545856,
	WEIGHT_SCORE_OPPONENT = 1.65188747300404,
	WEIGHT_HAMMINGDISTANCE_OWN = -1.68143237774404,
	WEIGHT_HAMMINGDISTANCE_OPPONENT = -2.47333542383264,

	WEIGHT_FORK_HAMMINGDISTANCE_S = -1.32904803636113,
	WEIGHT_FORK_HAMMINGDISTANCE_L = 0.565168956285034,

	WEIGHT_WALL_DISTANCE = -2.34964827695251,
	WEIGHT_NEIGHBORS = -2.03926516301365,
	WEIGHT_NEIGHBOR_FREE = -2.94152976515145,
	WEIGHT_NEIGHBOR_OWNED = -1.91184372634569,
	WEIGHT_NEIGHBOR_TAKEN = -0.249743390555523
};
