File info:
Boardsize: 7 x 6
Particles: 30
Iterations: 84
Games Played Per Iteration: 900
Games Played: 75600
Games Played Per Minute: 41870,6821268671
MAX_SCORE: 2475
Cores: 14
Start Time: 19.09.2023 16:04:18
End Time: 19.09.2023 16:06:07
Total Time: 00:01:48.3335587
Boardsize: 7 x 6
Engine Depth: 2

Win Values:
VALUE_WIN_YELLOW: 2,5
VALUE_DRAW_YELLOW: 0,5
VALUE_LOSS_YELLOW: -3
VALUE_WIN_RED: 3
VALUE_DRAW_RED: 0,6
VALUE_LOSS_RED: -1,8


Best Global Particle:

Best Global Particle Score Internally: 450,125
{
	NAME = "Particle-GLOBAL-BEST",

	WEIGHT_SCORE_OWN = 2.8000329852864,
	WEIGHT_SCORE_OPPONENT = -1.20001932807217,
	WEIGHT_HAMMINGDISTANCE_OWN = -1.20003238781894,
	WEIGHT_HAMMINGDISTANCE_OPPONENT = 2.53363120711819,

	WEIGHT_FORK_HAMMINGDISTANCE_S = -0.204545043512833,
	WEIGHT_FORK_HAMMINGDISTANCE_L = -0.366701945596276,

	WEIGHT_WALL_DISTANCE = -0.610999788658192,
	WEIGHT_NEIGHBORS = 3.10014052112197,
	WEIGHT_NEIGHBOR_FREE = -2.28120207889378,
	WEIGHT_NEIGHBOR_OWNED = -1.90004397187124,
	WEIGHT_NEIGHBOR_TAKEN = 2.30005426542085
};
