File info:
Boardsize: 7 x 6
Particles: 30
Iterations: 33
Games Played Per Iteration: 900
Games Played: 29700
Games Played Per Minute: 107,862225924286
MAX_SCORE: 2475
Cores: 16
Start Time: 19.09.2023 16:55:59
End Time: 19.09.2023 21:31:20
Total Time: 04:35:21.0757031
Boardsize: 7 x 6
Engine Depth: 6

Win Values:
VALUE_WIN_YELLOW: 2,5
VALUE_DRAW_YELLOW: 0,5
VALUE_LOSS_YELLOW: -3
VALUE_WIN_RED: 3
VALUE_DRAW_RED: 0,6
VALUE_LOSS_RED: -1,8


Best Global Particle:

Best Global Particle Score Internally: 465,725
{
	NAME = "Particle-GLOBAL-BEST",

	WEIGHT_SCORE_OWN = 5.13145005467602,
	WEIGHT_SCORE_OPPONENT = 0.356832002884682,
	WEIGHT_HAMMINGDISTANCE_OWN = -2.82272519295082,
	WEIGHT_HAMMINGDISTANCE_OPPONENT = -1.51624837148351,

	WEIGHT_FORK_HAMMINGDISTANCE_S = -1.41580909773751,
	WEIGHT_FORK_HAMMINGDISTANCE_L = -1.27428859975576,

	WEIGHT_WALL_DISTANCE = 3.43834269570263,
	WEIGHT_NEIGHBORS = 5.38331200931322,
	WEIGHT_NEIGHBOR_FREE = -4.99293843438912,
	WEIGHT_NEIGHBOR_OWNED = -2.32202607985883,
	WEIGHT_NEIGHBOR_TAKEN = -4.47260775868864
};
