File info:
Boardsize: 7 x 6
Particles: 30
Iterations: 47
Games Played Per Iteration: 900
Games Played: 42300
Games Played Per Minute: 35875,4759177662
MAX_SCORE: 2475
Cores: 14
Start Time: 19.09.2023 16:04:18
End Time: 19.09.2023 16:05:29
Total Time: 00:01:10.7447061
Boardsize: 7 x 6
Engine Depth: 2

Win Values:
VALUE_WIN_YELLOW: 2,5
VALUE_DRAW_YELLOW: 0,5
VALUE_LOSS_YELLOW: -3
VALUE_WIN_RED: 3
VALUE_DRAW_RED: 0,6
VALUE_LOSS_RED: -1,8


Best Global Particle:

Best Global Particle Score Internally: 450,125
{
	NAME = "Particle-GLOBAL-BEST",

	WEIGHT_SCORE_OWN = 2.81346086984938,
	WEIGHT_SCORE_OPPONENT = -1.20788740830363,
	WEIGHT_HAMMINGDISTANCE_OWN = -1.21321858085862,
	WEIGHT_HAMMINGDISTANCE_OPPONENT = 2.53362913774759,

	WEIGHT_FORK_HAMMINGDISTANCE_S = -0.20454496404217,
	WEIGHT_FORK_HAMMINGDISTANCE_L = -0.366701256500712,

	WEIGHT_WALL_DISTANCE = -0.610992266618091,
	WEIGHT_NEIGHBORS = 3.15735490144383,
	WEIGHT_NEIGHBOR_FREE = -2.28119732090912,
	WEIGHT_NEIGHBOR_OWNED = -1.91794441159616,
	WEIGHT_NEIGHBOR_TAKEN = 2.32214902137074
};
