File info:
Boardsize: 7 x 6
Particles: 30
Iterations: 69
Games Played Per Iteration: 900
Games Played: 62100
Games Played Per Minute: 13828,8930186143
MAX_SCORE: 2475
Cores: 14
Start Time: 19.09.2023 16:11:15
End Time: 19.09.2023 16:15:44
Total Time: 00:04:29.4358829
Boardsize: 7 x 6
Engine Depth: 2

Win Values:
VALUE_WIN_YELLOW: 2,5
VALUE_DRAW_YELLOW: 0,5
VALUE_LOSS_YELLOW: -3
VALUE_WIN_RED: 3
VALUE_DRAW_RED: 0,6
VALUE_LOSS_RED: -1,8


Best Global Particle:

Best Global Particle Score Internally: 512,525
{
	NAME = "Particle-GLOBAL-BEST",

	WEIGHT_SCORE_OWN = -1.20051117141445,
	WEIGHT_SCORE_OPPONENT = 2.80049256878987,
	WEIGHT_HAMMINGDISTANCE_OWN = 2.25258412449868,
	WEIGHT_HAMMINGDISTANCE_OPPONENT = 2.80272992924128,

	WEIGHT_FORK_HAMMINGDISTANCE_S = 2.19035292973951,
	WEIGHT_FORK_HAMMINGDISTANCE_L = -1.20109143243492,

	WEIGHT_WALL_DISTANCE = 3.20036003895285,
	WEIGHT_NEIGHBORS = 2.71818614166727,
	WEIGHT_NEIGHBOR_FREE = -2.30123410075664,
	WEIGHT_NEIGHBOR_OWNED = 3.30001800182494,
	WEIGHT_NEIGHBOR_TAKEN = -2.20023806742724
};
