File info:
Boardsize: 7 x 6
Particles: 30
Iterations: 21
Games Played Per Iteration: 900
Games Played: 18900
Games Played Per Minute: 18655,8738674459
MAX_SCORE: 2475
Cores: 14
Start Time: 19.09.2023 16:11:15
End Time: 19.09.2023 16:12:16
Total Time: 00:01:00.7851451
Boardsize: 7 x 6
Engine Depth: 2

Win Values:
VALUE_WIN_YELLOW: 2,5
VALUE_DRAW_YELLOW: 0,5
VALUE_LOSS_YELLOW: -3
VALUE_WIN_RED: 3
VALUE_DRAW_RED: 0,6
VALUE_LOSS_RED: -1,8


Best Global Particle:

Best Global Particle Score Internally: 512,525
{
	NAME = "Particle-GLOBAL-BEST",

	WEIGHT_SCORE_OWN = -2.06071165335523,
	WEIGHT_SCORE_OPPONENT = 3.36653928164403,
	WEIGHT_HAMMINGDISTANCE_OWN = 2.77804840454092,
	WEIGHT_HAMMINGDISTANCE_OPPONENT = 5.69862983559694,

	WEIGHT_FORK_HAMMINGDISTANCE_S = 1.53827068603973,
	WEIGHT_FORK_HAMMINGDISTANCE_L = -1.9738002277325,

	WEIGHT_WALL_DISTANCE = 4.02853928585419,
	WEIGHT_NEIGHBORS = 3.26893876929181,
	WEIGHT_NEIGHBOR_FREE = -4.05133060593752,
	WEIGHT_NEIGHBOR_OWNED = 3.9102802074737,
	WEIGHT_NEIGHBOR_TAKEN = -2.56753199703048
};
