File info:
Boardsize: 7 x 6
Particles: 30
Iterations: 15
Games Played Per Iteration: 900
Games Played: 13500
Games Played Per Minute: 136,223482743976
MAX_SCORE: 2475
Cores: 16
Start Time: 19.09.2023 16:55:59
End Time: 19.09.2023 18:35:05
Total Time: 01:39:06.1113729
Boardsize: 7 x 6
Engine Depth: 6

Win Values:
VALUE_WIN_YELLOW: 2,5
VALUE_DRAW_YELLOW: 0,5
VALUE_LOSS_YELLOW: -3
VALUE_WIN_RED: 3
VALUE_DRAW_RED: 0,6
VALUE_LOSS_RED: -1,8


Best Global Particle:

Best Global Particle Score Internally: 418,925
{
	NAME = "Particle-GLOBAL-BEST",

	WEIGHT_SCORE_OWN = -0.0990101504536296,
	WEIGHT_SCORE_OPPONENT = -1.92240947466604,
	WEIGHT_HAMMINGDISTANCE_OWN = -2.87006668684984,
	WEIGHT_HAMMINGDISTANCE_OPPONENT = -0.132838237046524,

	WEIGHT_FORK_HAMMINGDISTANCE_S = 0.0489698062726035,
	WEIGHT_FORK_HAMMINGDISTANCE_L = -0.919265035999023,

	WEIGHT_WALL_DISTANCE = 3.44517815466962,
	WEIGHT_NEIGHBORS = 1.74712081007514,
	WEIGHT_NEIGHBOR_FREE = -10.669044737083,
	WEIGHT_NEIGHBOR_OWNED = -4.609009764717,
	WEIGHT_NEIGHBOR_TAKEN = 1.168604538259
};
