File info:
Boardsize: 7 x 6
Particles: 30
Iterations: 53
Games Played Per Iteration: 900
Games Played: 47700
Games Played Per Minute: 78,5967395345876
MAX_SCORE: 2475
Cores: 16
Start Time: 19.09.2023 16:40:45
End Time: 20.09.2023 02:47:39
Total Time: 10:06:53.7242454
Boardsize: 7 x 6
Engine Depth: 6

Win Values:
VALUE_WIN_YELLOW: 2,5
VALUE_DRAW_YELLOW: 0,5
VALUE_LOSS_YELLOW: -3
VALUE_WIN_RED: 3
VALUE_DRAW_RED: 0,6
VALUE_LOSS_RED: -1,8


Best Global Particle:

Best Global Particle Score Internally: 441,025
{
	NAME = "Particle-GLOBAL-BEST",

	WEIGHT_SCORE_OWN = 2.39174419202373,
	WEIGHT_SCORE_OPPONENT = -0.0222960887439236,
	WEIGHT_HAMMINGDISTANCE_OWN = -2.41245364549013,
	WEIGHT_HAMMINGDISTANCE_OPPONENT = 0.438187722154146,

	WEIGHT_FORK_HAMMINGDISTANCE_S = -1.24587279407845,
	WEIGHT_FORK_HAMMINGDISTANCE_L = -1.47451240669602,

	WEIGHT_WALL_DISTANCE = 8.36933923955848,
	WEIGHT_NEIGHBORS = 2.86640965041008,
	WEIGHT_NEIGHBOR_FREE = -2.3273039096683,
	WEIGHT_NEIGHBOR_OWNED = -2.64687350234483,
	WEIGHT_NEIGHBOR_TAKEN = -4.33360288177256
};
