File info:
Boardsize: 7 x 6
Particles: 30
Iterations: 36
Games Played Per Iteration: 900
Games Played: 32400
Games Played Per Minute: 102,495965575249
MAX_SCORE: 2475
Cores: 16
Start Time: 19.09.2023 16:55:59
End Time: 19.09.2023 22:12:06
Total Time: 05:16:06.6001885
Boardsize: 7 x 6
Engine Depth: 6

Win Values:
VALUE_WIN_YELLOW: 2,5
VALUE_DRAW_YELLOW: 0,5
VALUE_LOSS_YELLOW: -3
VALUE_WIN_RED: 3
VALUE_DRAW_RED: 0,6
VALUE_LOSS_RED: -1,8


Best Global Particle:

Best Global Particle Score Internally: 481,325
{
	NAME = "Particle-GLOBAL-BEST",

	WEIGHT_SCORE_OWN = 4.69861331805866,
	WEIGHT_SCORE_OPPONENT = 0.351997931518655,
	WEIGHT_HAMMINGDISTANCE_OWN = -2.13345372646689,
	WEIGHT_HAMMINGDISTANCE_OPPONENT = -1.73709382993916,

	WEIGHT_FORK_HAMMINGDISTANCE_S = -1.02247526288568,
	WEIGHT_FORK_HAMMINGDISTANCE_L = -1.40440316624502,

	WEIGHT_WALL_DISTANCE = 3.36989741400243,
	WEIGHT_NEIGHBORS = 4.28912997094991,
	WEIGHT_NEIGHBOR_FREE = -4.1630006205596,
	WEIGHT_NEIGHBOR_OWNED = -2.16786085768122,
	WEIGHT_NEIGHBOR_TAKEN = -1.05170814637275
};
