File info:
Boardsize: 7 x 6
Particles: 30
Iterations: 24
Games Played Per Iteration: 900
Games Played: 21600
Games Played Per Minute: 67,3490040219646
MAX_SCORE: 2475
Cores: 14
Start Time: 18.09.2023 14:00:02
End Time: 18.09.2023 19:20:45
Total Time: 05:20:43.0462606
Boardsize: 7 x 6
Engine Depth: 6

Win Values:
VALUE_WIN_YELLOW: 2,5
VALUE_DRAW_YELLOW: 0,5
VALUE_LOSS_YELLOW: -3
VALUE_WIN_RED: 3
VALUE_DRAW_RED: 0,6
VALUE_LOSS_RED: -1,8


Best Global Particle:

Best Global Particle Score Internally: 49,4964615384615
{
	NAME = "Particle-GLOBAL-BEST",

	WEIGHT_SCORE_OWN = -1.99510481710678,
	WEIGHT_SCORE_OPPONENT = 0.29532998437815,
	WEIGHT_HAMMINGDISTANCE_OWN = 3.37565043200167,
	WEIGHT_HAMMINGDISTANCE_OPPONENT = -2.91715104143225,

	WEIGHT_FORK_HAMMINGDISTANCE_S = -0.248450955856827,
	WEIGHT_FORK_HAMMINGDISTANCE_L = -1.82705909463504,

	WEIGHT_WALL_DISTANCE = -1.97198471302752,
	WEIGHT_NEIGHBORS = -0.997488696076266,
	WEIGHT_NEIGHBOR_FREE = -0.444343662886326,
	WEIGHT_NEIGHBOR_OWNED = -2.52540556241135,
	WEIGHT_NEIGHBOR_TAKEN = -2.49288750259071
};
