File info:
Boardsize: 7 x 6
Particles: 30
Iterations: 28
Games Played Per Iteration: 900
Games Played: 25200
Games Played Per Minute: 33517,9861803348
MAX_SCORE: 2475
Cores: 14
Start Time: 19.09.2023 16:04:18
End Time: 19.09.2023 16:05:03
Total Time: 00:00:45.1101087
Boardsize: 7 x 6
Engine Depth: 2

Win Values:
VALUE_WIN_YELLOW: 2,5
VALUE_DRAW_YELLOW: 0,5
VALUE_LOSS_YELLOW: -3
VALUE_WIN_RED: 3
VALUE_DRAW_RED: 0,6
VALUE_LOSS_RED: -1,8


Best Global Particle:

Best Global Particle Score Internally: 450,125
{
	NAME = "Particle-GLOBAL-BEST",

	WEIGHT_SCORE_OWN = 3.04114499235684,
	WEIGHT_SCORE_OPPONENT = -1.34099857501684,
	WEIGHT_HAMMINGDISTANCE_OWN = -1.44037953089885,
	WEIGHT_HAMMINGDISTANCE_OPPONENT = 2.52981141554241,

	WEIGHT_FORK_HAMMINGDISTANCE_S = -0.204398350906293,
	WEIGHT_FORK_HAMMINGDISTANCE_L = -0.365429963942632,

	WEIGHT_WALL_DISTANCE = -0.597115071506721,
	WEIGHT_NEIGHBORS = 4.15095880532376,
	WEIGHT_NEIGHBOR_FREE = -2.27241945205587,
	WEIGHT_NEIGHBOR_OWNED = -2.22160151388807,
	WEIGHT_NEIGHBOR_TAKEN = 2.7061443437433
};
