File info:
Boardsize: 7 x 6
Particles: 30
Iterations: 51
Games Played Per Iteration: 900
Games Played: 45900
Games Played Per Minute: 4431,46136826591
MAX_SCORE: 2475
Cores: 14
Start Time: 19.09.2023 02:36:25
End Time: 19.09.2023 02:46:47
Total Time: 00:10:21.4654199
Boardsize: 7 x 6
Engine Depth: 6

Win Values:
VALUE_WIN_YELLOW: 2,5
VALUE_DRAW_YELLOW: 0,5
VALUE_LOSS_YELLOW: -3
VALUE_WIN_RED: 3
VALUE_DRAW_RED: 0,6
VALUE_LOSS_RED: -1,8


Best Global Particle:

Best Global Particle Score Internally: 49,2767692307692
{
	NAME = "Particle-GLOBAL-BEST",

	WEIGHT_SCORE_OWN = -1.03104748445353,
	WEIGHT_SCORE_OPPONENT = 1.16930933199451,
	WEIGHT_HAMMINGDISTANCE_OWN = 2.40142082769382,
	WEIGHT_HAMMINGDISTANCE_OPPONENT = -1.88958388272878,

	WEIGHT_FORK_HAMMINGDISTANCE_S = 0.130382227497133,
	WEIGHT_FORK_HAMMINGDISTANCE_L = -1.02786158880615,

	WEIGHT_WALL_DISTANCE = -1.53439930523898,
	WEIGHT_NEIGHBORS = -0.800783297800212,
	WEIGHT_NEIGHBOR_FREE = 0.278561710165516,
	WEIGHT_NEIGHBOR_OWNED = -1.63580153872974,
	WEIGHT_NEIGHBOR_TAKEN = -1.89620430711682
};
