File info:
Boardsize: 7 x 6
Particles: 30
Iterations: 8
Games Played Per Iteration: 900
Games Played: 7200
Games Played Per Minute: 181,179854597272
MAX_SCORE: 2475
Cores: 16
Start Time: 19.09.2023 16:55:59
End Time: 19.09.2023 17:35:43
Total Time: 00:39:44.3710492
Boardsize: 7 x 6
Engine Depth: 6

Win Values:
VALUE_WIN_YELLOW: 2,5
VALUE_DRAW_YELLOW: 0,5
VALUE_LOSS_YELLOW: -3
VALUE_WIN_RED: 3
VALUE_DRAW_RED: 0,6
VALUE_LOSS_RED: -1,8


Best Global Particle:

Best Global Particle Score Internally: 391,95
{
	NAME = "Particle-GLOBAL-BEST",

	WEIGHT_SCORE_OWN = 1.2163212761634,
	WEIGHT_SCORE_OPPONENT = 0.224427294939417,
	WEIGHT_HAMMINGDISTANCE_OWN = -0.839309323004951,
	WEIGHT_HAMMINGDISTANCE_OPPONENT = 4.11251610951396,

	WEIGHT_FORK_HAMMINGDISTANCE_S = 0.0721559680480135,
	WEIGHT_FORK_HAMMINGDISTANCE_L = -0.440179738398989,

	WEIGHT_WALL_DISTANCE = 0.751303301425008,
	WEIGHT_NEIGHBORS = -2.67862123852919,
	WEIGHT_NEIGHBOR_FREE = -1.57570656976434,
	WEIGHT_NEIGHBOR_OWNED = -3.83822691750888,
	WEIGHT_NEIGHBOR_TAKEN = 1.53176207258336
};
