File info:
Boardsize: 7 x 6
Particles: 30
Iterations: 61
Games Played Per Iteration: 900
Games Played: 54900
Games Played Per Minute: 38144,3684211459
MAX_SCORE: 2475
Cores: 14
Start Time: 19.09.2023 16:04:18
End Time: 19.09.2023 16:05:45
Total Time: 00:01:26.3561290
Boardsize: 7 x 6
Engine Depth: 2

Win Values:
VALUE_WIN_YELLOW: 2,5
VALUE_DRAW_YELLOW: 0,5
VALUE_LOSS_YELLOW: -3
VALUE_WIN_RED: 3
VALUE_DRAW_RED: 0,6
VALUE_LOSS_RED: -1,8


Best Global Particle:

Best Global Particle Score Internally: 450,125
{
	NAME = "Particle-GLOBAL-BEST",

	WEIGHT_SCORE_OWN = 2.80138570550552,
	WEIGHT_SCORE_OPPONENT = -1.20081196832711,
	WEIGHT_HAMMINGDISTANCE_OWN = -1.20136060896772,
	WEIGHT_HAMMINGDISTANCE_OPPONENT = 2.53363120311558,

	WEIGHT_FORK_HAMMINGDISTANCE_S = -0.204545043359119,
	WEIGHT_FORK_HAMMINGDISTANCE_L = -0.366701944263418,

	WEIGHT_WALL_DISTANCE = -0.610999774108956,
	WEIGHT_NEIGHBORS = 3.10590328457075,
	WEIGHT_NEIGHBOR_FREE = -2.28120206969082,
	WEIGHT_NEIGHBOR_OWNED = -1.90184724992314,
	WEIGHT_NEIGHBOR_TAKEN = 2.30227968757214
};
