File info:
Boardsize: 7 x 6
Particles: 30
Iterations: 46
Games Played Per Iteration: 900
Games Played: 41400
Games Played Per Minute: 15741,1371466421
MAX_SCORE: 2475
Cores: 14
Start Time: 19.09.2023 16:11:15
End Time: 19.09.2023 16:13:53
Total Time: 00:02:37.8030848
Boardsize: 7 x 6
Engine Depth: 2

Win Values:
VALUE_WIN_YELLOW: 2,5
VALUE_DRAW_YELLOW: 0,5
VALUE_LOSS_YELLOW: -3
VALUE_WIN_RED: 3
VALUE_DRAW_RED: 0,6
VALUE_LOSS_RED: -1,8


Best Global Particle:

Best Global Particle Score Internally: 512,525
{
	NAME = "Particle-GLOBAL-BEST",

	WEIGHT_SCORE_OWN = -1.22143433911726,
	WEIGHT_SCORE_OPPONENT = 2.82062681493132,
	WEIGHT_HAMMINGDISTANCE_OWN = 2.25268078262619,
	WEIGHT_HAMMINGDISTANCE_OPPONENT = 2.9142933152773,

	WEIGHT_FORK_HAMMINGDISTANCE_S = 2.190232980485,
	WEIGHT_FORK_HAMMINGDISTANCE_L = -1.24565448644713,

	WEIGHT_WALL_DISTANCE = 3.215120325905,
	WEIGHT_NEIGHBORS = 2.71828558074619,
	WEIGHT_NEIGHBOR_FREE = -2.35171391646618,
	WEIGHT_NEIGHBOR_OWNED = 3.30081548847337,
	WEIGHT_NEIGHBOR_TAKEN = -2.20997911198806
};
