File info:
Boardsize: 7 x 6
Particles: 30
Iterations: 93
Games Played Per Iteration: 900
Games Played: 83700
Games Played Per Minute: 43031,1635559448
MAX_SCORE: 2475
Cores: 14
Start Time: 19.09.2023 16:04:18
End Time: 19.09.2023 16:06:15
Total Time: 00:01:56.7061168
Boardsize: 7 x 6
Engine Depth: 2

Win Values:
VALUE_WIN_YELLOW: 2,5
VALUE_DRAW_YELLOW: 0,5
VALUE_LOSS_YELLOW: -3
VALUE_WIN_RED: 3
VALUE_DRAW_RED: 0,6
VALUE_LOSS_RED: -1,8


Best Global Particle:

Best Global Particle Score Internally: 450,125
{
	NAME = "Particle-GLOBAL-BEST",

	WEIGHT_SCORE_OWN = 2.80000763995164,
	WEIGHT_SCORE_OPPONENT = -1.20000447670925,
	WEIGHT_HAMMINGDISTANCE_OWN = -1.20000750156803,
	WEIGHT_HAMMINGDISTANCE_OPPONENT = 2.53363120711832,

	WEIGHT_FORK_HAMMINGDISTANCE_S = -0.204545043512838,
	WEIGHT_FORK_HAMMINGDISTANCE_L = -0.366701945596322,

	WEIGHT_WALL_DISTANCE = -0.61099978865869,
	WEIGHT_NEIGHBORS = 3.10003254707444,
	WEIGHT_NEIGHBOR_FREE = -2.28120207889409,
	WEIGHT_NEIGHBOR_OWNED = -1.90001018463098,
	WEIGHT_NEIGHBOR_TAKEN = 2.30001256879156
};
