File info:
Boardsize: 7 x 6
Particles: 30
Iterations: 52
Games Played Per Iteration: 900
Games Played: 46800
Games Played Per Minute: 15202,595257992
MAX_SCORE: 2475
Cores: 14
Start Time: 19.09.2023 16:11:15
End Time: 19.09.2023 16:14:20
Total Time: 00:03:04.7053054
Boardsize: 7 x 6
Engine Depth: 2

Win Values:
VALUE_WIN_YELLOW: 2,5
VALUE_DRAW_YELLOW: 0,5
VALUE_LOSS_YELLOW: -3
VALUE_WIN_RED: 3
VALUE_DRAW_RED: 0,6
VALUE_LOSS_RED: -1,8


Best Global Particle:

Best Global Particle Score Internally: 512,525
{
	NAME = "Particle-GLOBAL-BEST",

	WEIGHT_SCORE_OWN = -1.20809717678139,
	WEIGHT_SCORE_OPPONENT = 2.80780109838458,
	WEIGHT_HAMMINGDISTANCE_OWN = 2.25258976811238,
	WEIGHT_HAMMINGDISTANCE_OPPONENT = 2.84323418763406,

	WEIGHT_FORK_HAMMINGDISTANCE_S = 2.19034592621819,
	WEIGHT_FORK_HAMMINGDISTANCE_L = -1.21728307670902,

	WEIGHT_WALL_DISTANCE = 3.20570436115462,
	WEIGHT_NEIGHBORS = 2.71819194765341,
	WEIGHT_NEIGHBOR_FREE = -2.31954694518813,
	WEIGHT_NEIGHBOR_OWNED = 3.30028825626921,
	WEIGHT_NEIGHBOR_TAKEN = -2.20377091313334
};
