File info:
Boardsize: 7 x 6
Particles: 30
Iterations: 7
Games Played Per Iteration: 900
Games Played: 6300
Games Played Per Minute: 19522,50272122
MAX_SCORE: 2475
Cores: 14
Start Time: 19.09.2023 16:11:15
End Time: 19.09.2023 16:11:34
Total Time: 00:00:19.3622716
Boardsize: 7 x 6
Engine Depth: 2

Win Values:
VALUE_WIN_YELLOW: 2,5
VALUE_DRAW_YELLOW: 0,5
VALUE_LOSS_YELLOW: -3
VALUE_WIN_RED: 3
VALUE_DRAW_RED: 0,6
VALUE_LOSS_RED: -1,8


Best Global Particle:

Best Global Particle Score Internally: 463,45
{
	NAME = "Particle-GLOBAL-BEST",

	WEIGHT_SCORE_OWN = -4.67987057495537,
	WEIGHT_SCORE_OPPONENT = 2.89121494993648,
	WEIGHT_HAMMINGDISTANCE_OWN = 6.64445997334954,
	WEIGHT_HAMMINGDISTANCE_OPPONENT = 4.20989352374746,

	WEIGHT_FORK_HAMMINGDISTANCE_S = -1.62973477994388,
	WEIGHT_FORK_HAMMINGDISTANCE_L = -0.263131581111394,

	WEIGHT_WALL_DISTANCE = 6.78983445355075,
	WEIGHT_NEIGHBORS = 9.04083022926017,
	WEIGHT_NEIGHBOR_FREE = -6.54201326799271,
	WEIGHT_NEIGHBOR_OWNED = 6.26297875664058,
	WEIGHT_NEIGHBOR_TAKEN = -2.7308270691948
};
