File info:
Boardsize: 7 x 6
Particles: 30
Iterations: 3
Games Played Per Iteration: 900
Games Played: 2700
Games Played Per Minute: 102,728954393569
MAX_SCORE: 2475
Cores: 14
Start Time: 17.09.2023 23:14:59
End Time: 17.09.2023 23:41:16
Total Time: 00:26:16.9653352
Boardsize: 7 x 6
Engine Depth: 6

Win Values:
VALUE_WIN_YELLOW: 2,5
VALUE_DRAW_YELLOW: 0,5
VALUE_LOSS_YELLOW: -3
VALUE_WIN_RED: 3
VALUE_DRAW_RED: 0,6
VALUE_LOSS_RED: -1,8


Best Global Particle:

Best Global Particle Score Internally: 49,4330769230769
{
	NAME = "Particle-GLOBAL-BEST",

	WEIGHT_SCORE_OWN = 3.08984736881924,
	WEIGHT_SCORE_OPPONENT = 0.455664955812879,
	WEIGHT_HAMMINGDISTANCE_OWN = -0.979587745504757,
	WEIGHT_HAMMINGDISTANCE_OPPONENT = 1.84541247505082,

	WEIGHT_FORK_HAMMINGDISTANCE_S = -1.09352081852571,
	WEIGHT_FORK_HAMMINGDISTANCE_L = 0.0964950757133065,

	WEIGHT_WALL_DISTANCE = 0.474425060374513,
	WEIGHT_NEIGHBORS = 0.599428026550101,
	WEIGHT_NEIGHBOR_FREE = 1.19832892790698,
	WEIGHT_NEIGHBOR_OWNED = 2.43431767533337,
	WEIGHT_NEIGHBOR_TAKEN = -0.66833181856466
};
