File info:
Boardsize: 7 x 6
Particles: 30
Iterations: 20
Games Played Per Iteration: 900
Games Played: 18000
Games Played Per Minute: 82,1830241800377
MAX_SCORE: 2475
Cores: 14
Start Time: 17.09.2023 23:14:59
End Time: 18.09.2023 02:54:01
Total Time: 03:39:01.4000735
Boardsize: 7 x 6
Engine Depth: 6

Win Values:
VALUE_WIN_YELLOW: 2,5
VALUE_DRAW_YELLOW: 0,5
VALUE_LOSS_YELLOW: -3
VALUE_WIN_RED: 3
VALUE_DRAW_RED: 0,6
VALUE_LOSS_RED: -1,8


Best Global Particle:

Best Global Particle Score Internally: 49,6570769230769
{
	NAME = "Particle-GLOBAL-BEST",

	WEIGHT_SCORE_OWN = 2.93241271981708,
	WEIGHT_SCORE_OPPONENT = -0.394477031638789,
	WEIGHT_HAMMINGDISTANCE_OWN = -1.00202262627803,
	WEIGHT_HAMMINGDISTANCE_OPPONENT = 1.51882374996929,

	WEIGHT_FORK_HAMMINGDISTANCE_S = -0.185373182707222,
	WEIGHT_FORK_HAMMINGDISTANCE_L = -1.07502434445367,

	WEIGHT_WALL_DISTANCE = 1.24816548451535,
	WEIGHT_NEIGHBORS = -0.0363777831680408,
	WEIGHT_NEIGHBOR_FREE = 1.67657161520127,
	WEIGHT_NEIGHBOR_OWNED = 2.72729806670984,
	WEIGHT_NEIGHBOR_TAKEN = 0.418037327866409
};
