File info:
Boardsize: 7 x 6
Particles: 30
Iterations: 76
Games Played Per Iteration: 900
Games Played: 68400
Games Played Per Minute: 40530,1715396255
MAX_SCORE: 2475
Cores: 14
Start Time: 19.09.2023 16:04:18
End Time: 19.09.2023 16:05:59
Total Time: 00:01:41.2578986
Boardsize: 7 x 6
Engine Depth: 2

Win Values:
VALUE_WIN_YELLOW: 2,5
VALUE_DRAW_YELLOW: 0,5
VALUE_LOSS_YELLOW: -3
VALUE_WIN_RED: 3
VALUE_DRAW_RED: 0,6
VALUE_LOSS_RED: -1,8


Best Global Particle:

Best Global Particle Score Internally: 450,125
{
	NAME = "Particle-GLOBAL-BEST",

	WEIGHT_SCORE_OWN = 2.80012105108184,
	WEIGHT_SCORE_OPPONENT = -1.20007093114209,
	WEIGHT_HAMMINGDISTANCE_OWN = -1.20011885846865,
	WEIGHT_HAMMINGDISTANCE_OPPONENT = 2.53363120711337,

	WEIGHT_FORK_HAMMINGDISTANCE_S = -0.204545043512648,
	WEIGHT_FORK_HAMMINGDISTANCE_L = -0.366701945594673,

	WEIGHT_WALL_DISTANCE = -0.610999788640687,
	WEIGHT_NEIGHBORS = 3.10051569158258,
	WEIGHT_NEIGHBOR_FREE = -2.28120207888271,
	WEIGHT_NEIGHBOR_OWNED = -1.90016137020984,
	WEIGHT_NEIGHBOR_TAKEN = 2.30019914601025
};
