File info:
Boardsize: 7 x 6
Particles: 30
Iterations: 20
Games Played Per Iteration: 900
Games Played: 18000
Games Played Per Minute: 31215,3314724834
MAX_SCORE: 2475
Cores: 14
Start Time: 19.09.2023 16:04:18
End Time: 19.09.2023 16:04:53
Total Time: 00:00:34.5983832
Boardsize: 7 x 6
Engine Depth: 2

Win Values:
VALUE_WIN_YELLOW: 2,5
VALUE_DRAW_YELLOW: 0,5
VALUE_LOSS_YELLOW: -3
VALUE_WIN_RED: 3
VALUE_DRAW_RED: 0,6
VALUE_LOSS_RED: -1,8


Best Global Particle:

Best Global Particle Score Internally: 450,125
{
	NAME = "Particle-GLOBAL-BEST",

	WEIGHT_SCORE_OWN = 3.46922359599739,
	WEIGHT_SCORE_OPPONENT = -1.58982964602232,
	WEIGHT_HAMMINGDISTANCE_OWN = -1.88456679838587,
	WEIGHT_HAMMINGDISTANCE_OPPONENT = 2.5122798060276,

	WEIGHT_FORK_HAMMINGDISTANCE_S = -0.20372507922496,
	WEIGHT_FORK_HAMMINGDISTANCE_L = -0.359591979010912,

	WEIGHT_WALL_DISTANCE = -0.53338870463719,
	WEIGHT_NEIGHBORS = 6.13130269534848,
	WEIGHT_NEIGHBOR_FREE = -2.23211003171661,
	WEIGHT_NEIGHBOR_OWNED = -2.79317052636458,
	WEIGHT_NEIGHBOR_TAKEN = 3.47283823637314
};
