File info:
Boardsize: 7 x 6
Particles: 30
Iterations: 5
Games Played Per Iteration: 900
Games Played: 4500
Games Played Per Minute: 326,448302107916
MAX_SCORE: 2475
Cores: 16
Start Time: 19.09.2023 16:55:59
End Time: 19.09.2023 17:09:46
Total Time: 00:13:47.0834869
Boardsize: 7 x 6
Engine Depth: 6

Win Values:
VALUE_WIN_YELLOW: 2,5
VALUE_DRAW_YELLOW: 0,5
VALUE_LOSS_YELLOW: -3
VALUE_WIN_RED: 3
VALUE_DRAW_RED: 0,6
VALUE_LOSS_RED: -1,8


Best Global Particle:

Best Global Particle Score Internally: 342,875
{
	NAME = "Particle-GLOBAL-BEST",

	WEIGHT_SCORE_OWN = 1.06980632639492,
	WEIGHT_SCORE_OPPONENT = 0.628934387312648,
	WEIGHT_HAMMINGDISTANCE_OWN = -0.68319042508262,
	WEIGHT_HAMMINGDISTANCE_OPPONENT = 2.40506495165384,

	WEIGHT_FORK_HAMMINGDISTANCE_S = -0.0645739443222884,
	WEIGHT_FORK_HAMMINGDISTANCE_L = -0.251409680943583,

	WEIGHT_WALL_DISTANCE = 0.132185126145335,
	WEIGHT_NEIGHBORS = -2.51127085627123,
	WEIGHT_NEIGHBOR_FREE = 1.68797060054445,
	WEIGHT_NEIGHBOR_OWNED = -1.88944179252676,
	WEIGHT_NEIGHBOR_TAKEN = -0.957781370312757
};
