File info:
Boardsize: 7 x 6
Particles: 30
Iterations: 21
Games Played Per Iteration: 900
Games Played: 18900
Games Played Per Minute: 139,390217315468
MAX_SCORE: 2475
Cores: 16
Start Time: 19.09.2023 16:55:59
End Time: 19.09.2023 19:11:34
Total Time: 02:15:35.4346226
Boardsize: 7 x 6
Engine Depth: 6

Win Values:
VALUE_WIN_YELLOW: 2,5
VALUE_DRAW_YELLOW: 0,5
VALUE_LOSS_YELLOW: -3
VALUE_WIN_RED: 3
VALUE_DRAW_RED: 0,6
VALUE_LOSS_RED: -1,8


Best Global Particle:

Best Global Particle Score Internally: 427,7
{
	NAME = "Particle-GLOBAL-BEST",

	WEIGHT_SCORE_OWN = 0.290920113904899,
	WEIGHT_SCORE_OPPONENT = -1.6642133230365,
	WEIGHT_HAMMINGDISTANCE_OWN = -5.5590226674974,
	WEIGHT_HAMMINGDISTANCE_OPPONENT = -1.39055426293183,

	WEIGHT_FORK_HAMMINGDISTANCE_S = 0.789068091562957,
	WEIGHT_FORK_HAMMINGDISTANCE_L = -0.940222648402192,

	WEIGHT_WALL_DISTANCE = 3.82563179522054,
	WEIGHT_NEIGHBORS = 2.9237796314631,
	WEIGHT_NEIGHBOR_FREE = -7.02403497447235,
	WEIGHT_NEIGHBOR_OWNED = -3.24742946318345,
	WEIGHT_NEIGHBOR_TAKEN = 1.34609287948997
};
