File info:
Boardsize: 7 x 6
Particles: 30
Iterations: 22
Games Played Per Iteration: 900
Games Played: 19800
Games Played Per Minute: 31874,9584659632
MAX_SCORE: 2475
Cores: 14
Start Time: 19.09.2023 16:04:18
End Time: 19.09.2023 16:04:55
Total Time: 00:00:37.2706368
Boardsize: 7 x 6
Engine Depth: 2

Win Values:
VALUE_WIN_YELLOW: 2,5
VALUE_DRAW_YELLOW: 0,5
VALUE_LOSS_YELLOW: -3
VALUE_WIN_RED: 3
VALUE_DRAW_RED: 0,6
VALUE_LOSS_RED: -1,8


Best Global Particle:

Best Global Particle Score Internally: 450,125
{
	NAME = "Particle-GLOBAL-BEST",

	WEIGHT_SCORE_OWN = 3.32677826685744,
	WEIGHT_SCORE_OPPONENT = -1.50724317953119,
	WEIGHT_HAMMINGDISTANCE_OWN = -1.73422353474574,
	WEIGHT_HAMMINGDISTANCE_OPPONENT = 2.51949883187385,

	WEIGHT_FORK_HAMMINGDISTANCE_S = -0.204002313649157,
	WEIGHT_FORK_HAMMINGDISTANCE_L = -0.361995897719945,

	WEIGHT_WALL_DISTANCE = -0.559629437932688,
	WEIGHT_NEIGHBORS = 5.45567087396826,
	WEIGHT_NEIGHBOR_FREE = -2.24870832219478,
	WEIGHT_NEIGHBOR_OWNED = -2.60288147340958,
	WEIGHT_NEIGHBOR_TAKEN = 3.21107618948037
};
