File info:
Boardsize: 7 x 6
Particles: 30
Iterations: 63
Games Played Per Iteration: 900
Games Played: 56700
Games Played Per Minute: 38445,3241595482
MAX_SCORE: 2475
Cores: 14
Start Time: 19.09.2023 16:04:18
End Time: 19.09.2023 16:05:47
Total Time: 00:01:28.4893046
Boardsize: 7 x 6
Engine Depth: 2

Win Values:
VALUE_WIN_YELLOW: 2,5
VALUE_DRAW_YELLOW: 0,5
VALUE_LOSS_YELLOW: -3
VALUE_WIN_RED: 3
VALUE_DRAW_RED: 0,6
VALUE_LOSS_RED: -1,8


Best Global Particle:

Best Global Particle Score Internally: 450,125
{
	NAME = "Particle-GLOBAL-BEST",

	WEIGHT_SCORE_OWN = 2.80100118625109,
	WEIGHT_SCORE_OPPONENT = -1.2005866554113,
	WEIGHT_HAMMINGDISTANCE_OWN = -1.20098305282262,
	WEIGHT_HAMMINGDISTANCE_OPPONENT = 2.5336312054788,

	WEIGHT_FORK_HAMMINGDISTANCE_S = -0.204545043449875,
	WEIGHT_FORK_HAMMINGDISTANCE_L = -0.366701945050365,

	WEIGHT_WALL_DISTANCE = -0.610999782699124,
	WEIGHT_NEIGHBORS = 3.10426517676408,
	WEIGHT_NEIGHBOR_FREE = -2.28120207512443,
	WEIGHT_NEIGHBOR_OWNED = -1.90133465672843,
	WEIGHT_NEIGHBOR_TAKEN = 2.30164709491832
};
