File info:
Boardsize: 7 x 6
Particles: 30
Iterations: 57
Games Played Per Iteration: 900
Games Played: 51300
Games Played Per Minute: 14811,2341197471
MAX_SCORE: 2475
Cores: 14
Start Time: 19.09.2023 16:11:15
End Time: 19.09.2023 16:14:43
Total Time: 00:03:27.8152283
Boardsize: 7 x 6
Engine Depth: 2

Win Values:
VALUE_WIN_YELLOW: 2,5
VALUE_DRAW_YELLOW: 0,5
VALUE_LOSS_YELLOW: -3
VALUE_WIN_RED: 3
VALUE_DRAW_RED: 0,6
VALUE_LOSS_RED: -1,8


Best Global Particle:

Best Global Particle Score Internally: 512,525
{
	NAME = "Particle-GLOBAL-BEST",

	WEIGHT_SCORE_OWN = -1.2035936407006,
	WEIGHT_SCORE_OPPONENT = 2.80346283351077,
	WEIGHT_HAMMINGDISTANCE_OWN = 2.25258424017972,
	WEIGHT_HAMMINGDISTANCE_OPPONENT = 2.8191917930937,

	WEIGHT_FORK_HAMMINGDISTANCE_S = 2.19035278618351,
	WEIGHT_FORK_HAMMINGDISTANCE_L = -1.20767288675119,

	WEIGHT_WALL_DISTANCE = 3.20253117100264,
	WEIGHT_NEIGHBORS = 2.71818626067657,
	WEIGHT_NEIGHBOR_FREE = -2.30867594998069,
	WEIGHT_NEIGHBOR_OWNED = 3.30012661589084,
	WEIGHT_NEIGHBOR_TAKEN = -2.20167365981116
};
