File info:
Boardsize: 7 x 6
Particles: 30
Iterations: 52
Games Played Per Iteration: 900
Games Played: 46800
Games Played Per Minute: 78,4848908397046
MAX_SCORE: 2475
Cores: 16
Start Time: 19.09.2023 16:40:45
End Time: 20.09.2023 02:37:03
Total Time: 09:56:17.5868700
Boardsize: 7 x 6
Engine Depth: 6

Win Values:
VALUE_WIN_YELLOW: 2,5
VALUE_DRAW_YELLOW: 0,5
VALUE_LOSS_YELLOW: -3
VALUE_WIN_RED: 3
VALUE_DRAW_RED: 0,6
VALUE_LOSS_RED: -1,8


Best Global Particle:

Best Global Particle Score Internally: 441,025
{
	NAME = "Particle-GLOBAL-BEST",

	WEIGHT_SCORE_OWN = 2.51598845238458,
	WEIGHT_SCORE_OPPONENT = -0.0240202677941615,
	WEIGHT_HAMMINGDISTANCE_OWN = -2.36298317770942,
	WEIGHT_HAMMINGDISTANCE_OPPONENT = 0.039959104728078,

	WEIGHT_FORK_HAMMINGDISTANCE_S = -1.15058775405855,
	WEIGHT_FORK_HAMMINGDISTANCE_L = -1.47700055903623,

	WEIGHT_WALL_DISTANCE = 8.01791615249515,
	WEIGHT_NEIGHBORS = 2.83036885656748,
	WEIGHT_NEIGHBOR_FREE = -2.32187671186624,
	WEIGHT_NEIGHBOR_OWNED = -2.56547724597847,
	WEIGHT_NEIGHBOR_TAKEN = -3.95269389401991
};
