File info:
Boardsize: 7 x 6
Particles: 30
Iterations: 158
Games Played Per Iteration: 900
Games Played: 142200
Games Played Per Minute: 48635,8331703911
MAX_SCORE: 2475
Cores: 14
Start Time: 19.09.2023 16:04:18
End Time: 19.09.2023 16:07:14
Total Time: 00:02:55.4262124
Boardsize: 7 x 6
Engine Depth: 2

Win Values:
VALUE_WIN_YELLOW: 2,5
VALUE_DRAW_YELLOW: 0,5
VALUE_LOSS_YELLOW: -3
VALUE_WIN_RED: 3
VALUE_DRAW_RED: 0,6
VALUE_LOSS_RED: -1,8


Best Global Particle:

Best Global Particle Score Internally: 450,125
{
	NAME = "Particle-GLOBAL-BEST",

	WEIGHT_SCORE_OWN = 2.80000000019739,
	WEIGHT_SCORE_OPPONENT = -1.20000000011566,
	WEIGHT_HAMMINGDISTANCE_OWN = -1.20000000019381,
	WEIGHT_HAMMINGDISTANCE_OPPONENT = 2.53363120711833,

	WEIGHT_FORK_HAMMINGDISTANCE_S = -0.204545043512838,
	WEIGHT_FORK_HAMMINGDISTANCE_L = -0.366701945596323,

	WEIGHT_WALL_DISTANCE = -0.610999788658705,
	WEIGHT_NEIGHBORS = 3.1000000008409,
	WEIGHT_NEIGHBOR_FREE = -2.2812020788941,
	WEIGHT_NEIGHBOR_OWNED = -1.90000000026313,
	WEIGHT_NEIGHBOR_TAKEN = 2.30000000032473
};
