File info:
Boardsize: 7 x 6
Particles: 30
Iterations: 24
Games Played Per Iteration: 900
Games Played: 21600
Games Played Per Minute: 17102,0522343917
MAX_SCORE: 2475
Cores: 14
Start Time: 19.09.2023 15:32:16
End Time: 19.09.2023 15:33:32
Total Time: 00:01:15.7803790
Boardsize: 7 x 6
Engine Depth: 2

Win Values:
VALUE_WIN_YELLOW: 2,5
VALUE_DRAW_YELLOW: 0,5
VALUE_LOSS_YELLOW: -3
VALUE_WIN_RED: 3
VALUE_DRAW_RED: 0,6
VALUE_LOSS_RED: -1,8


Best Global Particle:

Best Global Particle Score Internally: 1005,875
{
	NAME = "Particle-GLOBAL-BEST",

	WEIGHT_SCORE_OWN = 4.56827472425641,
	WEIGHT_SCORE_OPPONENT = 3.39714781407862,
	WEIGHT_HAMMINGDISTANCE_OWN = 5.3153548129936,
	WEIGHT_HAMMINGDISTANCE_OPPONENT = -2.86653441975228,

	WEIGHT_FORK_HAMMINGDISTANCE_S = -3.73244387001671,
	WEIGHT_FORK_HAMMINGDISTANCE_L = 3.46968378370491,

	WEIGHT_WALL_DISTANCE = -3.80390416859004,
	WEIGHT_NEIGHBORS = -3.67460844092347,
	WEIGHT_NEIGHBOR_FREE = -2.47420932782457,
	WEIGHT_NEIGHBOR_OWNED = -4.54115785140172,
	WEIGHT_NEIGHBOR_TAKEN = -3.20106452689733
};
