File info:
Boardsize: 7 x 6
Particles: 30
Iterations: 37
Games Played Per Iteration: 900
Games Played: 33300
Games Played Per Minute: 100,802966963332
MAX_SCORE: 2475
Cores: 16
Start Time: 19.09.2023 16:55:59
End Time: 19.09.2023 22:26:20
Total Time: 05:30:20.8451615
Boardsize: 7 x 6
Engine Depth: 6

Win Values:
VALUE_WIN_YELLOW: 2,5
VALUE_DRAW_YELLOW: 0,5
VALUE_LOSS_YELLOW: -3
VALUE_WIN_RED: 3
VALUE_DRAW_RED: 0,6
VALUE_LOSS_RED: -1,8


Best Global Particle:

Best Global Particle Score Internally: 481,325
{
	NAME = "Particle-GLOBAL-BEST",

	WEIGHT_SCORE_OWN = 4.49474128610413,
	WEIGHT_SCORE_OPPONENT = 0.343459748233077,
	WEIGHT_HAMMINGDISTANCE_OWN = -1.99781907515998,
	WEIGHT_HAMMINGDISTANCE_OPPONENT = -1.90184905404258,

	WEIGHT_FORK_HAMMINGDISTANCE_S = -1.00646102073482,
	WEIGHT_FORK_HAMMINGDISTANCE_L = -1.42978620279057,

	WEIGHT_WALL_DISTANCE = 3.3490311657281,
	WEIGHT_NEIGHBORS = 4.05934002926827,
	WEIGHT_NEIGHBOR_FREE = -3.93022302627568,
	WEIGHT_NEIGHBOR_OWNED = -2.13267614743228,
	WEIGHT_NEIGHBOR_TAKEN = -0.913755321275806
};
