File info:
Boardsize: 7 x 6
Particles: 30
Iterations: 24
Games Played Per Iteration: 900
Games Played: 21600
Games Played Per Minute: 125,271574634843
MAX_SCORE: 2475
Cores: 16
Start Time: 19.09.2023 16:55:59
End Time: 19.09.2023 19:48:24
Total Time: 02:52:25.5233462
Boardsize: 7 x 6
Engine Depth: 6

Win Values:
VALUE_WIN_YELLOW: 2,5
VALUE_DRAW_YELLOW: 0,5
VALUE_LOSS_YELLOW: -3
VALUE_WIN_RED: 3
VALUE_DRAW_RED: 0,6
VALUE_LOSS_RED: -1,8


Best Global Particle:

Best Global Particle Score Internally: 427,7
{
	NAME = "Particle-GLOBAL-BEST",

	WEIGHT_SCORE_OWN = 0.430610422407421,
	WEIGHT_SCORE_OPPONENT = -1.22320701408413,
	WEIGHT_HAMMINGDISTANCE_OWN = -6.21602321269095,
	WEIGHT_HAMMINGDISTANCE_OPPONENT = -1.26451219426285,

	WEIGHT_FORK_HAMMINGDISTANCE_S = 0.909435285248079,
	WEIGHT_FORK_HAMMINGDISTANCE_L = -0.996413609237994,

	WEIGHT_WALL_DISTANCE = 3.7297095639067,
	WEIGHT_NEIGHBORS = 3.13552951894382,
	WEIGHT_NEIGHBOR_FREE = -5.11687445649415,
	WEIGHT_NEIGHBOR_OWNED = -2.73312763480791,
	WEIGHT_NEIGHBOR_TAKEN = 0.947439874055981
};
