File info:
Boardsize: 7 x 6
Particles: 30
Iterations: 64
Games Played Per Iteration: 900
Games Played: 57600
Games Played Per Minute: 72,2076533563583
MAX_SCORE: 2475
Cores: 14
Start Time: 17.09.2023 23:14:59
End Time: 18.09.2023 12:32:41
Total Time: 13:17:41.9625394
Boardsize: 7 x 6
Engine Depth: 6

Win Values:
VALUE_WIN_YELLOW: 2,5
VALUE_DRAW_YELLOW: 0,5
VALUE_LOSS_YELLOW: -3
VALUE_WIN_RED: 3
VALUE_DRAW_RED: 0,6
VALUE_LOSS_RED: -1,8


Best Global Particle:

Best Global Particle Score Internally: 49,6570769230769
{
	NAME = "Particle-GLOBAL-BEST",

	WEIGHT_SCORE_OWN = 2.20058281694069,
	WEIGHT_SCORE_OPPONENT = 0.198598633818832,
	WEIGHT_HAMMINGDISTANCE_OWN = 0.199692114458915,
	WEIGHT_HAMMINGDISTANCE_OPPONENT = 1.20173919741491,

	WEIGHT_FORK_HAMMINGDISTANCE_S = 0.101931696300937,
	WEIGHT_FORK_HAMMINGDISTANCE_L = -0.201878312531531,

	WEIGHT_WALL_DISTANCE = 1.20000579052526,
	WEIGHT_NEIGHBORS = 0.499321193032399,
	WEIGHT_NEIGHBOR_FREE = 1.70021027935881,
	WEIGHT_NEIGHBOR_OWNED = 2.30061990406687,
	WEIGHT_NEIGHBOR_TAKEN = 0.300190993040918
};
