File info:
Boardsize: 7 x 6
Particles: 30
Iterations: 14
Games Played Per Iteration: 900
Games Played: 12600
Games Played Per Minute: 28629,9651644899
MAX_SCORE: 2475
Cores: 14
Start Time: 19.09.2023 16:04:18
End Time: 19.09.2023 16:04:45
Total Time: 00:00:26.4059001
Boardsize: 7 x 6
Engine Depth: 2

Win Values:
VALUE_WIN_YELLOW: 2,5
VALUE_DRAW_YELLOW: 0,5
VALUE_LOSS_YELLOW: -3
VALUE_WIN_RED: 3
VALUE_DRAW_RED: 0,6
VALUE_LOSS_RED: -1,8


Best Global Particle:

Best Global Particle Score Internally: 450,125
{
	NAME = "Particle-GLOBAL-BEST",

	WEIGHT_SCORE_OWN = 4.02353336746418,
	WEIGHT_SCORE_OPPONENT = -1.90776241211807,
	WEIGHT_HAMMINGDISTANCE_OWN = -2.51056671262477,
	WEIGHT_HAMMINGDISTANCE_OPPONENT = 2.46183032929564,

	WEIGHT_FORK_HAMMINGDISTANCE_S = -0.201787652772869,
	WEIGHT_FORK_HAMMINGDISTANCE_L = -0.34279242134762,

	WEIGHT_WALL_DISTANCE = -0.350007831370473,
	WEIGHT_NEIGHBORS = 9.02936285524225,
	WEIGHT_NEIGHBOR_FREE = -2.11611445459822,
	WEIGHT_NEIGHBOR_OWNED = -3.53521712127384,
	WEIGHT_NEIGHBOR_TAKEN = 4.59863164073764
};
