File info:
Boardsize: 7 x 6
Particles: 30
Iterations: 18
Games Played Per Iteration: 900
Games Played: 16200
Games Played Per Minute: 139,066910272062
MAX_SCORE: 2475
Cores: 16
Start Time: 19.09.2023 16:55:59
End Time: 19.09.2023 18:52:28
Total Time: 01:56:29.4412560
Boardsize: 7 x 6
Engine Depth: 6

Win Values:
VALUE_WIN_YELLOW: 2,5
VALUE_DRAW_YELLOW: 0,5
VALUE_LOSS_YELLOW: -3
VALUE_WIN_RED: 3
VALUE_DRAW_RED: 0,6
VALUE_LOSS_RED: -1,8


Best Global Particle:

Best Global Particle Score Internally: 418,925
{
	NAME = "Particle-GLOBAL-BEST",

	WEIGHT_SCORE_OWN = -0.505912304674442,
	WEIGHT_SCORE_OPPONENT = -1.98216874943258,
	WEIGHT_HAMMINGDISTANCE_OWN = -2.68439651727737,
	WEIGHT_HAMMINGDISTANCE_OPPONENT = -0.952541857673759,

	WEIGHT_FORK_HAMMINGDISTANCE_S = 0.118743700197684,
	WEIGHT_FORK_HAMMINGDISTANCE_L = -1.02923284787522,

	WEIGHT_WALL_DISTANCE = 3.83565208554623,
	WEIGHT_NEIGHBORS = 2.7497061797473,
	WEIGHT_NEIGHBOR_FREE = -10.1776234183396,
	WEIGHT_NEIGHBOR_OWNED = -4.08872278355953,
	WEIGHT_NEIGHBOR_TAKEN = 1.80374736348342
};
