File info:
Boardsize: 7 x 6
Particles: 30
Iterations: 65
Games Played Per Iteration: 900
Games Played: 58500
Games Played Per Minute: 38781,8120602583
MAX_SCORE: 2475
Cores: 14
Start Time: 19.09.2023 16:04:18
End Time: 19.09.2023 16:05:49
Total Time: 00:01:30.5063434
Boardsize: 7 x 6
Engine Depth: 2

Win Values:
VALUE_WIN_YELLOW: 2,5
VALUE_DRAW_YELLOW: 0,5
VALUE_LOSS_YELLOW: -3
VALUE_WIN_RED: 3
VALUE_DRAW_RED: 0,6
VALUE_LOSS_RED: -1,8


Best Global Particle:

Best Global Particle Score Internally: 450,125
{
	NAME = "Particle-GLOBAL-BEST",

	WEIGHT_SCORE_OWN = 2.80072336281038,
	WEIGHT_SCORE_OPPONENT = -1.20042386193229,
	WEIGHT_HAMMINGDISTANCE_OWN = -1.20071026092502,
	WEIGHT_HAMMINGDISTANCE_OPPONENT = 2.53363120644678,

	WEIGHT_FORK_HAMMINGDISTANCE_S = -0.204545043487048,
	WEIGHT_FORK_HAMMINGDISTANCE_L = -0.366701945372698,

	WEIGHT_WALL_DISTANCE = -0.610999786217657,
	WEIGHT_NEIGHBORS = 3.10308161219188,
	WEIGHT_NEIGHBOR_FREE = -2.28120207735004,
	WEIGHT_NEIGHBOR_OWNED = -1.900964297129,
	WEIGHT_NEIGHBOR_TAKEN = 2.30119003453568
};
