File info:
Boardsize: 7 x 6
Particles: 30
Iterations: 64
Games Played Per Iteration: 900
Games Played: 57600
Games Played Per Minute: 49654,4623407131
MAX_SCORE: 2475
Cores: 14
Start Time: 19.09.2023 15:34:07
End Time: 19.09.2023 15:35:16
Total Time: 00:01:09.6009953
Boardsize: 7 x 6
Engine Depth: 2

Win Values:
VALUE_WIN_YELLOW: 2,5
VALUE_DRAW_YELLOW: 0,5
VALUE_LOSS_YELLOW: -3
VALUE_WIN_RED: 3
VALUE_DRAW_RED: 0,6
VALUE_LOSS_RED: -1,8


Best Global Particle:

Best Global Particle Score Internally: 432,25
{
	NAME = "Particle-GLOBAL-BEST",

	WEIGHT_SCORE_OWN = 3.0131814843024,
	WEIGHT_SCORE_OPPONENT = 1.65188658241966,
	WEIGHT_HAMMINGDISTANCE_OWN = -1.35442874149033,
	WEIGHT_HAMMINGDISTANCE_OPPONENT = -2.28766963810384,

	WEIGHT_FORK_HAMMINGDISTANCE_S = -1.24137511707089,
	WEIGHT_FORK_HAMMINGDISTANCE_L = 0.565097567823328,

	WEIGHT_WALL_DISTANCE = -1.97629118984516,
	WEIGHT_NEIGHBORS = -2.0125930399258,
	WEIGHT_NEIGHBOR_FREE = -2.50585392096878,
	WEIGHT_NEIGHBOR_OWNED = -1.90378530700854,
	WEIGHT_NEIGHBOR_TAKEN = -0.249652839307085
};
