File info:
Boardsize: 7 x 6
Particles: 30
Iterations: 14
Games Played Per Iteration: 900
Games Played: 12600
Games Played Per Minute: 135,860255888143
MAX_SCORE: 2475
Cores: 16
Start Time: 19.09.2023 16:55:59
End Time: 19.09.2023 18:28:43
Total Time: 01:32:44.5412638
Boardsize: 7 x 6
Engine Depth: 6

Win Values:
VALUE_WIN_YELLOW: 2,5
VALUE_DRAW_YELLOW: 0,5
VALUE_LOSS_YELLOW: -3
VALUE_WIN_RED: 3
VALUE_DRAW_RED: 0,6
VALUE_LOSS_RED: -1,8


Best Global Particle:

Best Global Particle Score Internally: 418,925
{
	NAME = "Particle-GLOBAL-BEST",

	WEIGHT_SCORE_OWN = 0.100083951333272,
	WEIGHT_SCORE_OPPONENT = -1.81772174111821,
	WEIGHT_HAMMINGDISTANCE_OWN = -2.85014117691341,
	WEIGHT_HAMMINGDISTANCE_OPPONENT = 0.268236454712637,

	WEIGHT_FORK_HAMMINGDISTANCE_S = 0.0148299753695456,
	WEIGHT_FORK_HAMMINGDISTANCE_L = -0.865458629461593,

	WEIGHT_WALL_DISTANCE = 3.15575353930783,
	WEIGHT_NEIGHBORS = 1.25656348181079,
	WEIGHT_NEIGHBOR_FREE = -10.2681010665616,
	WEIGHT_NEIGHBOR_OWNED = -4.72696564193989,
	WEIGHT_NEIGHBOR_TAKEN = 0.857834027504151
};
