File info:
Boardsize: 7 x 6
Particles: 30
Iterations: 31
Games Played Per Iteration: 900
Games Played: 27900
Games Played Per Minute: 111,327381499278
MAX_SCORE: 2475
Cores: 16
Start Time: 19.09.2023 16:55:59
End Time: 19.09.2023 21:06:36
Total Time: 04:10:36.7320012
Boardsize: 7 x 6
Engine Depth: 6

Win Values:
VALUE_WIN_YELLOW: 2,5
VALUE_DRAW_YELLOW: 0,5
VALUE_LOSS_YELLOW: -3
VALUE_WIN_RED: 3
VALUE_DRAW_RED: 0,6
VALUE_LOSS_RED: -1,8


Best Global Particle:

Best Global Particle Score Internally: 465,725
{
	NAME = "Particle-GLOBAL-BEST",

	WEIGHT_SCORE_OWN = 4.56177096402477,
	WEIGHT_SCORE_OPPONENT = 0.107562552030205,
	WEIGHT_HAMMINGDISTANCE_OWN = -3.43128580402596,
	WEIGHT_HAMMINGDISTANCE_OPPONENT = -1.44207730767888,

	WEIGHT_FORK_HAMMINGDISTANCE_S = -1.16479521425903,
	WEIGHT_FORK_HAMMINGDISTANCE_L = -1.26355382746697,

	WEIGHT_WALL_DISTANCE = 3.47790006085186,
	WEIGHT_NEIGHBORS = 5.37469563148526,
	WEIGHT_NEIGHBOR_FREE = -5.22576028414759,
	WEIGHT_NEIGHBOR_OWNED = -2.40673596485653,
	WEIGHT_NEIGHBOR_TAKEN = -4.23095044209916
};
