File info:
Boardsize: 7 x 6
Particles: 30
Iterations: 69
Games Played Per Iteration: 900
Games Played: 62100
Games Played Per Minute: 49483,9602523901
MAX_SCORE: 2475
Cores: 14
Start Time: 19.09.2023 15:34:07
End Time: 19.09.2023 15:35:22
Total Time: 00:01:15.2971262
Boardsize: 7 x 6
Engine Depth: 2

Win Values:
VALUE_WIN_YELLOW: 2,5
VALUE_DRAW_YELLOW: 0,5
VALUE_LOSS_YELLOW: -3
VALUE_WIN_RED: 3
VALUE_DRAW_RED: 0,6
VALUE_LOSS_RED: -1,8


Best Global Particle:

Best Global Particle Score Internally: 432,25
{
	NAME = "Particle-GLOBAL-BEST",

	WEIGHT_SCORE_OWN = 2.89459005879144,
	WEIGHT_SCORE_OPPONENT = 1.65188658070196,
	WEIGHT_HAMMINGDISTANCE_OWN = -1.2685210974514,
	WEIGHT_HAMMINGDISTANCE_OPPONENT = -2.23889960187456,

	WEIGHT_FORK_HAMMINGDISTANCE_S = -1.21835837317769,
	WEIGHT_FORK_HAMMINGDISTANCE_L = 0.565097430133864,

	WEIGHT_WALL_DISTANCE = -1.87822156606755,
	WEIGHT_NEIGHBORS = -2.00558761331706,
	WEIGHT_NEIGHBOR_FREE = -2.39133899119699,
	WEIGHT_NEIGHBOR_OWNED = -1.90167953040146,
	WEIGHT_NEIGHBOR_TAKEN = -0.249652664657674
};
