File info:
Boardsize: 7 x 6
Particles: 30
Iterations: 27
Games Played Per Iteration: 900
Games Played: 24300
Games Played Per Minute: 33317,3390301443
MAX_SCORE: 2475
Cores: 14
Start Time: 19.09.2023 16:04:18
End Time: 19.09.2023 16:05:02
Total Time: 00:00:43.7609978
Boardsize: 7 x 6
Engine Depth: 2

Win Values:
VALUE_WIN_YELLOW: 2,5
VALUE_DRAW_YELLOW: 0,5
VALUE_LOSS_YELLOW: -3
VALUE_WIN_RED: 3
VALUE_DRAW_RED: 0,6
VALUE_LOSS_RED: -1,8


Best Global Particle:

Best Global Particle Score Internally: 450,125
{
	NAME = "Particle-GLOBAL-BEST",

	WEIGHT_SCORE_OWN = 3.07610214590085,
	WEIGHT_SCORE_OPPONENT = -1.36138646771171,
	WEIGHT_HAMMINGDISTANCE_OWN = -1.47584087594483,
	WEIGHT_HAMMINGDISTANCE_OPPONENT = 2.52882262529234,

	WEIGHT_FORK_HAMMINGDISTANCE_S = -0.204360378096461,
	WEIGHT_FORK_HAMMINGDISTANCE_L = -0.365100699103847,

	WEIGHT_WALL_DISTANCE = -0.593520877249793,
	WEIGHT_NEIGHBORS = 4.30734824194083,
	WEIGHT_NEIGHBOR_FREE = -2.27014598356551,
	WEIGHT_NEIGHBOR_OWNED = -2.26824531074385,
	WEIGHT_NEIGHBOR_TAKEN = 2.76663010148203
};
