File info:
Boardsize: 7 x 6
Particles: 30
Iterations: 41
Games Played Per Iteration: 900
Games Played: 36900
Games Played Per Minute: 34843,4914874376
MAX_SCORE: 2475
Cores: 14
Start Time: 19.09.2023 16:04:18
End Time: 19.09.2023 16:05:22
Total Time: 00:01:03.5412786
Boardsize: 7 x 6
Engine Depth: 2

Win Values:
VALUE_WIN_YELLOW: 2,5
VALUE_DRAW_YELLOW: 0,5
VALUE_LOSS_YELLOW: -3
VALUE_WIN_RED: 3
VALUE_DRAW_RED: 0,6
VALUE_LOSS_RED: -1,8


Best Global Particle:

Best Global Particle Score Internally: 450,125
{
	NAME = "Particle-GLOBAL-BEST",

	WEIGHT_SCORE_OWN = 2.83541533645574,
	WEIGHT_SCORE_OPPONENT = -1.22075011384502,
	WEIGHT_HAMMINGDISTANCE_OWN = -1.23479611475357,
	WEIGHT_HAMMINGDISTANCE_OPPONENT = 2.53360109381081,

	WEIGHT_FORK_HAMMINGDISTANCE_S = -0.204543887062418,
	WEIGHT_FORK_HAMMINGDISTANCE_L = -0.366691917935406,

	WEIGHT_WALL_DISTANCE = -0.610890328561435,
	WEIGHT_NEIGHBORS = 3.251019583608,
	WEIGHT_NEIGHBOR_FREE = -2.28113284109995,
	WEIGHT_NEIGHBOR_OWNED = -1.94721215806699,
	WEIGHT_NEIGHBOR_TAKEN = 2.35832144916587
};
