File info:
Boardsize: 7 x 6
Particles: 30
Iterations: 75
Games Played Per Iteration: 900
Games Played: 67500
Games Played Per Minute: 48829,8767035365
MAX_SCORE: 2475
Cores: 14
Start Time: 19.09.2023 15:34:07
End Time: 19.09.2023 15:35:30
Total Time: 00:01:22.9410245
Boardsize: 7 x 6
Engine Depth: 2

Win Values:
VALUE_WIN_YELLOW: 2,5
VALUE_DRAW_YELLOW: 0,5
VALUE_LOSS_YELLOW: -3
VALUE_WIN_RED: 3
VALUE_DRAW_RED: 0,6
VALUE_LOSS_RED: -1,8


Best Global Particle:

Best Global Particle Score Internally: 463,45
{
	NAME = "Particle-GLOBAL-BEST",

	WEIGHT_SCORE_OWN = 2.01841028233711,
	WEIGHT_SCORE_OPPONENT = 3.40579406247745,
	WEIGHT_HAMMINGDISTANCE_OWN = 8.44459916788078,
	WEIGHT_HAMMINGDISTANCE_OPPONENT = -2.08583738004335,

	WEIGHT_FORK_HAMMINGDISTANCE_S = -2.41643683973107,
	WEIGHT_FORK_HAMMINGDISTANCE_L = -4.04084513298195,

	WEIGHT_WALL_DISTANCE = -1.45596095518935,
	WEIGHT_NEIGHBORS = -0.923903963474131,
	WEIGHT_NEIGHBOR_FREE = -5.70329523929895,
	WEIGHT_NEIGHBOR_OWNED = -1.4227661485254,
	WEIGHT_NEIGHBOR_TAKEN = 5.00043365418968
};
