File info:
Boardsize: 7 x 6
Particles: 30
Iterations: 70
Games Played Per Iteration: 900
Games Played: 63000
Games Played Per Minute: 1168,19428011021
MAX_SCORE: 1575
Cores: 14
Start Time: 17.09.2023 20:12:59
End Time: 17.09.2023 21:06:55
Total Time: 00:53:55.7631469
Boardsize: 7 x 6
Engine Depth: 4

Win Values:
VALUE_WIN_YELLOW: 1,5
VALUE_DRAW_YELLOW: 0,2
VALUE_LOSS_YELLOW: -2
VALUE_WIN_RED: 2
VALUE_DRAW_RED: 0,3
VALUE_LOSS_RED: -1


Best Global Particle:

Best Global Particle Score Internally: 31,9881642512077
{
	NAME = "Particle-GLOBAL-BEST",

	WEIGHT_SCORE_OWN = 2.20028193750039,
	WEIGHT_SCORE_OPPONENT = 0.199102649547103,
	WEIGHT_HAMMINGDISTANCE_OWN = 2.20048136950628,
	WEIGHT_HAMMINGDISTANCE_OPPONENT = 1.20005989628923,

	WEIGHT_FORK_HAMMINGDISTANCE_S = -0.200706855329375,
	WEIGHT_FORK_HAMMINGDISTANCE_L = 2.28189802034619,

	WEIGHT_WALL_DISTANCE = -0.100191714557665,
	WEIGHT_NEIGHBORS = 2.10007049586632,
	WEIGHT_NEIGHBOR_FREE = 1.700090653395,
	WEIGHT_NEIGHBOR_OWNED = 2.30038059814096,
	WEIGHT_NEIGHBOR_TAKEN = 0.300138379630301
};
