File info:
Boardsize: 7 x 6
Particles: 30
Iterations: 20
Games Played Per Iteration: 900
Games Played: 18000
Games Played Per Minute: 66,0325136219763
MAX_SCORE: 2475
Cores: 14
Start Time: 18.09.2023 14:00:02
End Time: 18.09.2023 18:32:37
Total Time: 04:32:35.5791043
Boardsize: 7 x 6
Engine Depth: 6

Win Values:
VALUE_WIN_YELLOW: 2,5
VALUE_DRAW_YELLOW: 0,5
VALUE_LOSS_YELLOW: -3
VALUE_WIN_RED: 3
VALUE_DRAW_RED: 0,6
VALUE_LOSS_RED: -1,8


Best Global Particle:

Best Global Particle Score Internally: 49,4964615384615
{
	NAME = "Particle-GLOBAL-BEST",

	WEIGHT_SCORE_OWN = -1.52495509872939,
	WEIGHT_SCORE_OPPONENT = 0.0941831712131952,
	WEIGHT_HAMMINGDISTANCE_OWN = 3.78200399950933,
	WEIGHT_HAMMINGDISTANCE_OPPONENT = -3.0225084719852,

	WEIGHT_FORK_HAMMINGDISTANCE_S = 0.0594009495485396,
	WEIGHT_FORK_HAMMINGDISTANCE_L = -2.38361607841208,

	WEIGHT_WALL_DISTANCE = -1.76192445439055,
	WEIGHT_NEIGHBORS = -0.768479979223974,
	WEIGHT_NEIGHBOR_FREE = -0.45173296485235,
	WEIGHT_NEIGHBOR_OWNED = -2.43402882447188,
	WEIGHT_NEIGHBOR_TAKEN = -1.77925554427735
};
