File info:
Boardsize: 7 x 6
Particles: 30
Iterations: 54
Games Played Per Iteration: 900
Games Played: 48600
Games Played Per Minute: 67,3892906395072
MAX_SCORE: 2475
Cores: 14
Start Time: 17.09.2023 23:14:59
End Time: 18.09.2023 11:16:10
Total Time: 12:01:10.9703920
Boardsize: 7 x 6
Engine Depth: 6

Win Values:
VALUE_WIN_YELLOW: 2,5
VALUE_DRAW_YELLOW: 0,5
VALUE_LOSS_YELLOW: -3
VALUE_WIN_RED: 3
VALUE_DRAW_RED: 0,6
VALUE_LOSS_RED: -1,8


Best Global Particle:

Best Global Particle Score Internally: 49,6570769230769
{
	NAME = "Particle-GLOBAL-BEST",

	WEIGHT_SCORE_OWN = 2.20296034894992,
	WEIGHT_SCORE_OPPONENT = 0.192881930566206,
	WEIGHT_HAMMINGDISTANCE_OWN = 0.198436130474148,
	WEIGHT_HAMMINGDISTANCE_OPPONENT = 1.20883404128846,

	WEIGHT_FORK_HAMMINGDISTANCE_S = 0.101931695387459,
	WEIGHT_FORK_HAMMINGDISTANCE_L = -0.20954066070064,

	WEIGHT_WALL_DISTANCE = 1.20002941236788,
	WEIGHT_NEIGHBORS = 0.496552081864221,
	WEIGHT_NEIGHBOR_FREE = 1.701068088241,
	WEIGHT_NEIGHBOR_OWNED = 2.30314872782099,
	WEIGHT_NEIGHBOR_TAKEN = 0.300970126049613
};
