File info:
Boardsize: 7 x 6
Particles: 30
Iterations: 62
Games Played Per Iteration: 900
Games Played: 55800
Games Played Per Minute: 49754,9682245424
MAX_SCORE: 2475
Cores: 14
Start Time: 19.09.2023 15:34:07
End Time: 19.09.2023 15:35:14
Total Time: 00:01:07.2897626
Boardsize: 7 x 6
Engine Depth: 2

Win Values:
VALUE_WIN_YELLOW: 2,5
VALUE_DRAW_YELLOW: 0,5
VALUE_LOSS_YELLOW: -3
VALUE_WIN_RED: 3
VALUE_DRAW_RED: 0,6
VALUE_LOSS_RED: -1,8


Best Global Particle:

Best Global Particle Score Internally: 432,25
{
	NAME = "Particle-GLOBAL-BEST",

	WEIGHT_SCORE_OWN = 3.09505769109003,
	WEIGHT_SCORE_OPPONENT = 1.65188659101993,
	WEIGHT_HAMMINGDISTANCE_OWN = -1.41373962047867,
	WEIGHT_HAMMINGDISTANCE_OPPONENT = -2.32134081628782,

	WEIGHT_FORK_HAMMINGDISTANCE_S = -1.25726645089133,
	WEIGHT_FORK_HAMMINGDISTANCE_L = 0.565098257213461,

	WEIGHT_WALL_DISTANCE = -2.04399923214103,
	WEIGHT_NEIGHBORS = -2.01742965880151,
	WEIGHT_NEIGHBOR_FREE = -2.58491350404336,
	WEIGHT_NEIGHBOR_OWNED = -1.90523950067755,
	WEIGHT_NEIGHBOR_TAKEN = -0.249653713750038
};
