File info:
Boardsize: 7 x 6
Particles: 30
Iterations: 40
Games Played Per Iteration: 900
Games Played: 36000
Games Played Per Minute: 62970,4407567898
MAX_SCORE: 2475
Cores: 14
Start Time: 19.09.2023 15:34:07
End Time: 19.09.2023 15:34:41
Total Time: 00:00:34.3018085
Boardsize: 7 x 6
Engine Depth: 2

Win Values:
VALUE_WIN_YELLOW: 2,5
VALUE_DRAW_YELLOW: 0,5
VALUE_LOSS_YELLOW: -3
VALUE_WIN_RED: 3
VALUE_DRAW_RED: 0,6
VALUE_LOSS_RED: -1,8


Best Global Particle:

Best Global Particle Score Internally: 432,25
{
	NAME = "Particle-GLOBAL-BEST",

	WEIGHT_SCORE_OWN = 7.75793079165941,
	WEIGHT_SCORE_OPPONENT = 1.66284814190012,
	WEIGHT_HAMMINGDISTANCE_OWN = -4.31236354061697,
	WEIGHT_HAMMINGDISTANCE_OPPONENT = -4.35654744941208,

	WEIGHT_FORK_HAMMINGDISTANCE_S = -2.98740944948958,
	WEIGHT_FORK_HAMMINGDISTANCE_L = 1.44376654233225,

	WEIGHT_WALL_DISTANCE = -6.28624785075128,
	WEIGHT_NEIGHBORS = -2.35240536648032,
	WEIGHT_NEIGHBOR_FREE = -2.99063029291758,
	WEIGHT_NEIGHBOR_OWNED = -2.64974470035986,
	WEIGHT_NEIGHBOR_TAKEN = -1.36418270455146
};
