File info:
Boardsize: 7 x 6
Particles: 30
Iterations: 42
Games Played Per Iteration: 900
Games Played: 37800
Games Played Per Minute: 59212,4479687257
MAX_SCORE: 2475
Cores: 14
Start Time: 19.09.2023 15:34:07
End Time: 19.09.2023 15:34:45
Total Time: 00:00:38.3027569
Boardsize: 7 x 6
Engine Depth: 2

Win Values:
VALUE_WIN_YELLOW: 2,5
VALUE_DRAW_YELLOW: 0,5
VALUE_LOSS_YELLOW: -3
VALUE_WIN_RED: 3
VALUE_DRAW_RED: 0,6
VALUE_LOSS_RED: -1,8


Best Global Particle:

Best Global Particle Score Internally: 432,25
{
	NAME = "Particle-GLOBAL-BEST",

	WEIGHT_SCORE_OWN = 8.14498583692972,
	WEIGHT_SCORE_OPPONENT = 1.6563715525373,
	WEIGHT_HAMMINGDISTANCE_OWN = -4.87713501900828,
	WEIGHT_HAMMINGDISTANCE_OPPONENT = -4.44590840253051,

	WEIGHT_FORK_HAMMINGDISTANCE_S = -2.57279243759176,
	WEIGHT_FORK_HAMMINGDISTANCE_L = 0.924608830887385,

	WEIGHT_WALL_DISTANCE = -6.37706933290007,
	WEIGHT_NEIGHBORS = -2.33993722608477,
	WEIGHT_NEIGHBOR_FREE = -5.79592735884251,
	WEIGHT_NEIGHBOR_OWNED = -2.26388496075632,
	WEIGHT_NEIGHBOR_TAKEN = -0.705667619845519
};
