File info:
Boardsize: 7 x 6
Particles: 30
Iterations: 11
Games Played Per Iteration: 900
Games Played: 9900
Games Played Per Minute: 16168,5127914494
MAX_SCORE: 2475
Cores: 14
Start Time: 19.09.2023 15:32:16
End Time: 19.09.2023 15:32:53
Total Time: 00:00:36.7380728
Boardsize: 7 x 6
Engine Depth: 2

Win Values:
VALUE_WIN_YELLOW: 2,5
VALUE_DRAW_YELLOW: 0,5
VALUE_LOSS_YELLOW: -3
VALUE_WIN_RED: 3
VALUE_DRAW_RED: 0,6
VALUE_LOSS_RED: -1,8


Best Global Particle:

Best Global Particle Score Internally: 1005,875
{
	NAME = "Particle-GLOBAL-BEST",

	WEIGHT_SCORE_OWN = 9.50350799272255,
	WEIGHT_SCORE_OPPONENT = 3.37840048479357,
	WEIGHT_HAMMINGDISTANCE_OWN = 11.1981977495125,
	WEIGHT_HAMMINGDISTANCE_OPPONENT = -4.78791280158872,

	WEIGHT_FORK_HAMMINGDISTANCE_S = -8.36419423649946,
	WEIGHT_FORK_HAMMINGDISTANCE_L = 5.80769886047918,

	WEIGHT_WALL_DISTANCE = -5.01559506157659,
	WEIGHT_NEIGHBORS = -7.94357714300561,
	WEIGHT_NEIGHBOR_FREE = -0.394850376996362,
	WEIGHT_NEIGHBOR_OWNED = -10.87875843961,
	WEIGHT_NEIGHBOR_TAKEN = -5.90414966811287
};
