File info:
Boardsize: 7 x 6
Particles: 30
Iterations: 106
Games Played Per Iteration: 900
Games Played: 95400
Games Played Per Minute: 44381,6003533514
MAX_SCORE: 2475
Cores: 14
Start Time: 19.09.2023 16:04:18
End Time: 19.09.2023 16:06:27
Total Time: 00:02:08.9723659
Boardsize: 7 x 6
Engine Depth: 2

Win Values:
VALUE_WIN_YELLOW: 2,5
VALUE_DRAW_YELLOW: 0,5
VALUE_LOSS_YELLOW: -3
VALUE_WIN_RED: 3
VALUE_DRAW_RED: 0,6
VALUE_LOSS_RED: -1,8


Best Global Particle:

Best Global Particle Score Internally: 450,125
{
	NAME = "Particle-GLOBAL-BEST",

	WEIGHT_SCORE_OWN = 2.80000092371213,
	WEIGHT_SCORE_OPPONENT = -1.20000054125875,
	WEIGHT_HAMMINGDISTANCE_OWN = -1.20000090698079,
	WEIGHT_HAMMINGDISTANCE_OPPONENT = 2.53363120711833,

	WEIGHT_FORK_HAMMINGDISTANCE_S = -0.204545043512838,
	WEIGHT_FORK_HAMMINGDISTANCE_L = -0.366701945596323,

	WEIGHT_WALL_DISTANCE = -0.610999788658704,
	WEIGHT_NEIGHBORS = 3.10000393512013,
	WEIGHT_NEIGHBOR_FREE = -2.2812020788941,
	WEIGHT_NEIGHBOR_OWNED = -1.90000123137785,
	WEIGHT_NEIGHBOR_TAKEN = 2.30000151963596
};
