File info:
Boardsize: 7 x 6
Particles: 30
Iterations: 18
Games Played Per Iteration: 900
Games Played: 16200
Games Played Per Minute: 81,2378320796139
MAX_SCORE: 2475
Cores: 14
Start Time: 17.09.2023 23:14:59
End Time: 18.09.2023 02:34:24
Total Time: 03:19:24.8687701
Boardsize: 7 x 6
Engine Depth: 6

Win Values:
VALUE_WIN_YELLOW: 2,5
VALUE_DRAW_YELLOW: 0,5
VALUE_LOSS_YELLOW: -3
VALUE_WIN_RED: 3
VALUE_DRAW_RED: 0,6
VALUE_LOSS_RED: -1,8


Best Global Particle:

Best Global Particle Score Internally: 49,5512307692308
{
	NAME = "Particle-GLOBAL-BEST",

	WEIGHT_SCORE_OWN = 3.50199680272771,
	WEIGHT_SCORE_OPPONENT = 0.135139056502379,
	WEIGHT_HAMMINGDISTANCE_OWN = -1.81930942121176,
	WEIGHT_HAMMINGDISTANCE_OPPONENT = 1.51039170141065,

	WEIGHT_FORK_HAMMINGDISTANCE_S = -0.332817629099331,
	WEIGHT_FORK_HAMMINGDISTANCE_L = -0.953172081936873,

	WEIGHT_WALL_DISTANCE = 1.32955936794803,
	WEIGHT_NEIGHBORS = -0.127849200865628,
	WEIGHT_NEIGHBOR_FREE = 1.5097651776624,
	WEIGHT_NEIGHBOR_OWNED = 2.81952975656864,
	WEIGHT_NEIGHBOR_TAKEN = 0.468134699877797
};
