File info:
Boardsize: 7 x 6
Particles: 30
Iterations: 14
Games Played Per Iteration: 900
Games Played: 12600
Games Played Per Minute: 79,2702710956015
MAX_SCORE: 2475
Cores: 14
Start Time: 17.09.2023 23:14:59
End Time: 18.09.2023 01:53:56
Total Time: 02:38:56.9927408
Boardsize: 7 x 6
Engine Depth: 6

Win Values:
VALUE_WIN_YELLOW: 2,5
VALUE_DRAW_YELLOW: 0,5
VALUE_LOSS_YELLOW: -3
VALUE_WIN_RED: 3
VALUE_DRAW_RED: 0,6
VALUE_LOSS_RED: -1,8


Best Global Particle:

Best Global Particle Score Internally: 49,5512307692308
{
	NAME = "Particle-GLOBAL-BEST",

	WEIGHT_SCORE_OWN = 4.19015079606495,
	WEIGHT_SCORE_OPPONENT = 0.161672681365628,
	WEIGHT_HAMMINGDISTANCE_OWN = -2.8995842947343,
	WEIGHT_HAMMINGDISTANCE_OPPONENT = 1.65406513134781,

	WEIGHT_FORK_HAMMINGDISTANCE_S = -0.394004025063823,
	WEIGHT_FORK_HAMMINGDISTANCE_L = -1.30467651351494,

	WEIGHT_WALL_DISTANCE = 1.38550100057738,
	WEIGHT_NEIGHBORS = -0.465164107954367,
	WEIGHT_NEIGHBOR_FREE = 1.50226404592104,
	WEIGHT_NEIGHBOR_OWNED = 3.1079442159222,
	WEIGHT_NEIGHBOR_TAKEN = 0.545551758692861
};
