File info:
Boardsize: 7 x 6
Particles: 30
Iterations: 2
Games Played Per Iteration: 900
Games Played: 1800
Games Played Per Minute: 17369,9854178972
MAX_SCORE: 2475
Cores: 14
Start Time: 19.09.2023 16:04:18
End Time: 19.09.2023 16:04:24
Total Time: 00:00:06.2176218
Boardsize: 7 x 6
Engine Depth: 2

Win Values:
VALUE_WIN_YELLOW: 2,5
VALUE_DRAW_YELLOW: 0,5
VALUE_LOSS_YELLOW: -3
VALUE_WIN_RED: 3
VALUE_DRAW_RED: 0,6
VALUE_LOSS_RED: -1,8


Best Global Particle:

Best Global Particle Score Internally: 387,725
{
	NAME = "Particle-GLOBAL-BEST",

	WEIGHT_SCORE_OWN = -0.435357906298053,
	WEIGHT_SCORE_OPPONENT = -0.0651481616306606,
	WEIGHT_HAMMINGDISTANCE_OWN = 2.18936203361713,
	WEIGHT_HAMMINGDISTANCE_OPPONENT = 0.51839961164161,

	WEIGHT_FORK_HAMMINGDISTANCE_S = 1.1708587275575,
	WEIGHT_FORK_HAMMINGDISTANCE_L = -0.02360497955795,

	WEIGHT_WALL_DISTANCE = -0.249839463408703,
	WEIGHT_NEIGHBORS = 1.7299027479843,
	WEIGHT_NEIGHBOR_FREE = 3.82810367759555,
	WEIGHT_NEIGHBOR_OWNED = 2.49414608676971,
	WEIGHT_NEIGHBOR_TAKEN = -1.63388640257576
};
