File info:
Boardsize: 7 x 6
Particles: 30
Iterations: 34
Games Played Per Iteration: 900
Games Played: 30600
Games Played Per Minute: 69,1743901261817
MAX_SCORE: 2475
Cores: 14
Start Time: 18.09.2023 14:00:02
End Time: 18.09.2023 21:22:24
Total Time: 07:22:21.6145578
Boardsize: 7 x 6
Engine Depth: 6

Win Values:
VALUE_WIN_YELLOW: 2,5
VALUE_DRAW_YELLOW: 0,5
VALUE_LOSS_YELLOW: -3
VALUE_WIN_RED: 3
VALUE_DRAW_RED: 0,6
VALUE_LOSS_RED: -1,8


Best Global Particle:

Best Global Particle Score Internally: 49,4964615384615
{
	NAME = "Particle-GLOBAL-BEST",

	WEIGHT_SCORE_OWN = -1.59700785627503,
	WEIGHT_SCORE_OPPONENT = 0.438505839157238,
	WEIGHT_HAMMINGDISTANCE_OWN = 2.93756665400077,
	WEIGHT_HAMMINGDISTANCE_OPPONENT = -2.45183559903067,

	WEIGHT_FORK_HAMMINGDISTANCE_S = -0.467579258255723,
	WEIGHT_FORK_HAMMINGDISTANCE_L = -1.32699051738075,

	WEIGHT_WALL_DISTANCE = -1.90762248575081,
	WEIGHT_NEIGHBORS = -1.16049659200699,
	WEIGHT_NEIGHBOR_FREE = -0.439083974161659,
	WEIGHT_NEIGHBOR_OWNED = -2.15639606613737,
	WEIGHT_NEIGHBOR_TAKEN = -2.46018535406114
};
