File info:
Boardsize: 7 x 6
Particles: 30
Iterations: 48
Games Played Per Iteration: 900
Games Played: 43200
Games Played Per Minute: 101,122478569732
MAX_SCORE: 2475
Cores: 14
Start Time: 17.09.2023 23:14:59
End Time: 18.09.2023 06:22:11
Total Time: 07:07:12.2831151
Boardsize: 7 x 6
Engine Depth: 6

Win Values:
VALUE_WIN_YELLOW: 2,5
VALUE_DRAW_YELLOW: 0,5
VALUE_LOSS_YELLOW: -3
VALUE_WIN_RED: 3
VALUE_DRAW_RED: 0,6
VALUE_LOSS_RED: -1,8


Best Global Particle:

Best Global Particle Score Internally: 49,6570769230769
{
	NAME = "Particle-GLOBAL-BEST",

	WEIGHT_SCORE_OWN = 2.20784926672825,
	WEIGHT_SCORE_OPPONENT = 0.181127193952284,
	WEIGHT_HAMMINGDISTANCE_OWN = 0.195853089930537,
	WEIGHT_HAMMINGDISTANCE_OPPONENT = 1.22342233729698,

	WEIGHT_FORK_HAMMINGDISTANCE_S = 0.101931503968158,
	WEIGHT_FORK_HAMMINGDISTANCE_L = -0.225296084557896,

	WEIGHT_WALL_DISTANCE = 1.20007800407698,
	WEIGHT_NEIGHBORS = 0.490858100458921,
	WEIGHT_NEIGHBOR_FREE = 1.7028318726428,
	WEIGHT_NEIGHBOR_OWNED = 2.30834859080538,
	WEIGHT_NEIGHBOR_TAKEN = 0.302572202755484
};
