File info:
Boardsize: 7 x 6
Particles: 30
Iterations: 49
Games Played Per Iteration: 900
Games Played: 44100
Games Played Per Minute: 54863,1293682667
MAX_SCORE: 2475
Cores: 14
Start Time: 19.09.2023 15:34:07
End Time: 19.09.2023 15:34:55
Total Time: 00:00:48.2291118
Boardsize: 7 x 6
Engine Depth: 2

Win Values:
VALUE_WIN_YELLOW: 2,5
VALUE_DRAW_YELLOW: 0,5
VALUE_LOSS_YELLOW: -3
VALUE_WIN_RED: 3
VALUE_DRAW_RED: 0,6
VALUE_LOSS_RED: -1,8


Best Global Particle:

Best Global Particle Score Internally: 432,25
{
	NAME = "Particle-GLOBAL-BEST",

	WEIGHT_SCORE_OWN = 5.15177907312034,
	WEIGHT_SCORE_OPPONENT = 1.65207592391053,
	WEIGHT_HAMMINGDISTANCE_OWN = -2.89601536451799,
	WEIGHT_HAMMINGDISTANCE_OPPONENT = -3.16902455976724,

	WEIGHT_FORK_HAMMINGDISTANCE_S = -1.66955494909316,
	WEIGHT_FORK_HAMMINGDISTANCE_L = 0.580275015330848,

	WEIGHT_WALL_DISTANCE = -3.75095017381586,
	WEIGHT_NEIGHBORS = -2.13987009316141,
	WEIGHT_NEIGHBOR_FREE = -4.50584058264161,
	WEIGHT_NEIGHBOR_OWNED = -1.95227382081908,
	WEIGHT_NEIGHBOR_TAKEN = -0.268904365212805
};
