File info:
Boardsize: 7 x 6
Particles: 30
Iterations: 19
Games Played Per Iteration: 900
Games Played: 17100
Games Played Per Minute: 19114,4406338729
MAX_SCORE: 2475
Cores: 14
Start Time: 19.09.2023 16:11:15
End Time: 19.09.2023 16:12:09
Total Time: 00:00:53.6766950
Boardsize: 7 x 6
Engine Depth: 2

Win Values:
VALUE_WIN_YELLOW: 2,5
VALUE_DRAW_YELLOW: 0,5
VALUE_LOSS_YELLOW: -3
VALUE_WIN_RED: 3
VALUE_DRAW_RED: 0,6
VALUE_LOSS_RED: -1,8


Best Global Particle:

Best Global Particle Score Internally: 512,525
{
	NAME = "Particle-GLOBAL-BEST",

	WEIGHT_SCORE_OWN = -2.30479807509822,
	WEIGHT_SCORE_OPPONENT = 3.44218720037863,
	WEIGHT_HAMMINGDISTANCE_OWN = 3.06142635857807,
	WEIGHT_HAMMINGDISTANCE_OPPONENT = 5.97143694136667,

	WEIGHT_FORK_HAMMINGDISTANCE_S = 1.20805650207714,
	WEIGHT_FORK_HAMMINGDISTANCE_L = -1.84911708154557,

	WEIGHT_WALL_DISTANCE = 4.33540361666033,
	WEIGHT_NEIGHBORS = 3.62934157297833,
	WEIGHT_NEIGHBOR_FREE = -4.44233373883143,
	WEIGHT_NEIGHBOR_OWNED = 4.27093081242771,
	WEIGHT_NEIGHBOR_TAKEN = -2.66098018276938
};
