File info:
Boardsize: 7 x 6
Particles: 30
Iterations: 16
Games Played Per Iteration: 900
Games Played: 14400
Games Played Per Minute: 16762,8030234602
MAX_SCORE: 2475
Cores: 14
Start Time: 19.09.2023 15:32:16
End Time: 19.09.2023 15:33:08
Total Time: 00:00:51.5426924
Boardsize: 7 x 6
Engine Depth: 2

Win Values:
VALUE_WIN_YELLOW: 2,5
VALUE_DRAW_YELLOW: 0,5
VALUE_LOSS_YELLOW: -3
VALUE_WIN_RED: 3
VALUE_DRAW_RED: 0,6
VALUE_LOSS_RED: -1,8


Best Global Particle:

Best Global Particle Score Internally: 1005,875
{
	NAME = "Particle-GLOBAL-BEST",

	WEIGHT_SCORE_OWN = 7.32321900671822,
	WEIGHT_SCORE_OPPONENT = 3.90920300214465,
	WEIGHT_HAMMINGDISTANCE_OWN = 8.95192832585299,
	WEIGHT_HAMMINGDISTANCE_OPPONENT = -3.9201461528377,

	WEIGHT_FORK_HAMMINGDISTANCE_S = -7.07329771784129,
	WEIGHT_FORK_HAMMINGDISTANCE_L = 4.7159543913024,

	WEIGHT_WALL_DISTANCE = -5.83859687932911,
	WEIGHT_NEIGHBORS = -6.18314474390373,
	WEIGHT_NEIGHBOR_FREE = -1.89005572343636,
	WEIGHT_NEIGHBOR_OWNED = -8.39945349440357,
	WEIGHT_NEIGHBOR_TAKEN = -4.73815353272852
};
