File info:
Boardsize: 7 x 6
Particles: 30
Iterations: 28
Games Played Per Iteration: 900
Games Played: 25200
Games Played Per Minute: 90,1657235613899
MAX_SCORE: 2475
Cores: 14
Start Time: 17.09.2023 23:14:59
End Time: 18.09.2023 03:54:28
Total Time: 04:39:29.1217935
Boardsize: 7 x 6
Engine Depth: 6

Win Values:
VALUE_WIN_YELLOW: 2,5
VALUE_DRAW_YELLOW: 0,5
VALUE_LOSS_YELLOW: -3
VALUE_WIN_RED: 3
VALUE_DRAW_RED: 0,6
VALUE_LOSS_RED: -1,8


Best Global Particle:

Best Global Particle Score Internally: 49,6570769230769
{
	NAME = "Particle-GLOBAL-BEST",

	WEIGHT_SCORE_OWN = 2.40206086479508,
	WEIGHT_SCORE_OPPONENT = -0.237008996490945,
	WEIGHT_HAMMINGDISTANCE_OWN = 0.0591315968407104,
	WEIGHT_HAMMINGDISTANCE_OPPONENT = 1.72481954300121,

	WEIGHT_FORK_HAMMINGDISTANCE_S = 0.0878565171927164,
	WEIGHT_FORK_HAMMINGDISTANCE_L = -0.789017108674037,

	WEIGHT_WALL_DISTANCE = 1.20371940378835,
	WEIGHT_NEIGHBORS = 0.277917125627028,
	WEIGHT_NEIGHBOR_FREE = 1.76085912562841,
	WEIGHT_NEIGHBOR_OWNED = 2.5001936868225,
	WEIGHT_NEIGHBOR_TAKEN = 0.361109919762114
};
