File info:
Boardsize: 7 x 6
Particles: 30
Iterations: 56
Games Played Per Iteration: 900
Games Played: 50400
Games Played Per Minute: 37356,125827617
MAX_SCORE: 2475
Cores: 14
Start Time: 19.09.2023 16:04:18
End Time: 19.09.2023 16:05:39
Total Time: 00:01:20.9505786
Boardsize: 7 x 6
Engine Depth: 2

Win Values:
VALUE_WIN_YELLOW: 2,5
VALUE_DRAW_YELLOW: 0,5
VALUE_LOSS_YELLOW: -3
VALUE_WIN_RED: 3
VALUE_DRAW_RED: 0,6
VALUE_LOSS_RED: -1,8


Best Global Particle:

Best Global Particle Score Internally: 450,125
{
	NAME = "Particle-GLOBAL-BEST",

	WEIGHT_SCORE_OWN = 2.8031227147474,
	WEIGHT_SCORE_OPPONENT = -1.20182978491882,
	WEIGHT_HAMMINGDISTANCE_OWN = -1.20306618009371,
	WEIGHT_HAMMINGDISTANCE_OPPONENT = 2.53363116983986,

	WEIGHT_FORK_HAMMINGDISTANCE_S = -0.204545042081222,
	WEIGHT_FORK_HAMMINGDISTANCE_L = -0.36670193318268,

	WEIGHT_WALL_DISTANCE = -0.610999653153662,
	WEIGHT_NEIGHBORS = 3.11330330563258,
	WEIGHT_NEIGHBOR_FREE = -2.28120199318186,
	WEIGHT_NEIGHBOR_OWNED = -1.90416281501057,
	WEIGHT_NEIGHBOR_TAKEN = 2.30513737567231
};
