File info:
Boardsize: 7 x 6
Particles: 30
Iterations: 31
Games Played Per Iteration: 900
Games Played: 27900
Games Played Per Minute: 239773,275890493
MAX_SCORE: 2475
Cores: 14
Start Time: 19.09.2023 15:34:07
End Time: 19.09.2023 15:34:14
Total Time: 00:00:06.9815954
Boardsize: 7 x 6
Engine Depth: 2

Win Values:
VALUE_WIN_YELLOW: 2,5
VALUE_DRAW_YELLOW: 0,5
VALUE_LOSS_YELLOW: -3
VALUE_WIN_RED: 3
VALUE_DRAW_RED: 0,6
VALUE_LOSS_RED: -1,8


Best Global Particle:

Best Global Particle Score Internally: 305,175
{
	NAME = "Particle-GLOBAL-BEST",

	WEIGHT_SCORE_OWN = 4.19498703939462,
	WEIGHT_SCORE_OPPONENT = 3.07748352900047,
	WEIGHT_HAMMINGDISTANCE_OWN = 2.53705891871298,
	WEIGHT_HAMMINGDISTANCE_OPPONENT = -2.69253588378054,

	WEIGHT_FORK_HAMMINGDISTANCE_S = -2.76074625186765,
	WEIGHT_FORK_HAMMINGDISTANCE_L = 4.28424781504441,

	WEIGHT_WALL_DISTANCE = -2.90970301336931,
	WEIGHT_NEIGHBORS = -2.43718343723353,
	WEIGHT_NEIGHBOR_FREE = -0.807935433864225,
	WEIGHT_NEIGHBOR_OWNED = -4.18766754236282,
	WEIGHT_NEIGHBOR_TAKEN = -3.13431121345475
};
