File info:
Boardsize: 7 x 6
Particles: 30
Iterations: 47
Games Played Per Iteration: 900
Games Played: 42300
Games Played Per Minute: 56415,6559713727
MAX_SCORE: 2475
Cores: 14
Start Time: 19.09.2023 15:34:07
End Time: 19.09.2023 15:34:52
Total Time: 00:00:44.9875120
Boardsize: 7 x 6
Engine Depth: 2

Win Values:
VALUE_WIN_YELLOW: 2,5
VALUE_DRAW_YELLOW: 0,5
VALUE_LOSS_YELLOW: -3
VALUE_WIN_RED: 3
VALUE_DRAW_RED: 0,6
VALUE_LOSS_RED: -1,8


Best Global Particle:

Best Global Particle Score Internally: 432,25
{
	NAME = "Particle-GLOBAL-BEST",

	WEIGHT_SCORE_OWN = 5.94774637210207,
	WEIGHT_SCORE_OPPONENT = 1.65236076732304,
	WEIGHT_HAMMINGDISTANCE_OWN = -3.46047247791846,
	WEIGHT_HAMMINGDISTANCE_OPPONENT = -3.49934210328776,

	WEIGHT_FORK_HAMMINGDISTANCE_S = -1.84494867566176,
	WEIGHT_FORK_HAMMINGDISTANCE_L = 0.603107812946177,

	WEIGHT_WALL_DISTANCE = -4.41896614003369,
	WEIGHT_NEIGHBORS = -2.18839790811871,
	WEIGHT_NEIGHBOR_FREE = -5.17063454794562,
	WEIGHT_NEIGHBOR_OWNED = -1.98317480021851,
	WEIGHT_NEIGHBOR_TAKEN = -0.297866164920808
};
