File info:
Boardsize: 7 x 6
Particles: 30
Iterations: 2
Games Played Per Iteration: 900
Games Played: 1800
Games Played Per Minute: 119,016785684336
MAX_SCORE: 2475
Cores: 16
Start Time: 19.09.2023 16:32:46
End Time: 19.09.2023 16:47:54
Total Time: 00:15:07.4350259
Boardsize: 7 x 6
Engine Depth: 6

Win Values:
VALUE_WIN_YELLOW: 2,5
VALUE_DRAW_YELLOW: 0,5
VALUE_LOSS_YELLOW: -3
VALUE_WIN_RED: 3
VALUE_DRAW_RED: 0,6
VALUE_LOSS_RED: -1,8


Best Global Particle:

Best Global Particle Score Internally: 409,825
{
	NAME = "Particle-GLOBAL-BEST",

	WEIGHT_SCORE_OWN = 0.269982771327158,
	WEIGHT_SCORE_OPPONENT = 0.373027519044644,
	WEIGHT_HAMMINGDISTANCE_OWN = -1.24842933471634,
	WEIGHT_HAMMINGDISTANCE_OPPONENT = 2.23682060516798,

	WEIGHT_FORK_HAMMINGDISTANCE_S = -0.00293642615952616,
	WEIGHT_FORK_HAMMINGDISTANCE_L = -0.371404831595344,

	WEIGHT_WALL_DISTANCE = 0.744471577805884,
	WEIGHT_NEIGHBORS = -1.38287313037623,
	WEIGHT_NEIGHBOR_FREE = -0.112581338096342,
	WEIGHT_NEIGHBOR_OWNED = -1.80737340246209,
	WEIGHT_NEIGHBOR_TAKEN = -0.101723546710764
};
