File info:
Boardsize: 7 x 6
Particles: 30
Iterations: 29
Games Played Per Iteration: 900
Games Played: 26100
Games Played Per Minute: 17378,4351963118
MAX_SCORE: 2475
Cores: 14
Start Time: 19.09.2023 15:32:16
End Time: 19.09.2023 15:33:46
Total Time: 00:01:30.1116805
Boardsize: 7 x 6
Engine Depth: 2

Win Values:
VALUE_WIN_YELLOW: 2,5
VALUE_DRAW_YELLOW: 0,5
VALUE_LOSS_YELLOW: -3
VALUE_WIN_RED: 3
VALUE_DRAW_RED: 0,6
VALUE_LOSS_RED: -1,8


Best Global Particle:

Best Global Particle Score Internally: 1022,9375
{
	NAME = "Particle-GLOBAL-BEST",

	WEIGHT_SCORE_OWN = 3.41985090547311,
	WEIGHT_SCORE_OPPONENT = 3.08324005810054,
	WEIGHT_HAMMINGDISTANCE_OWN = 4.17996407158187,
	WEIGHT_HAMMINGDISTANCE_OPPONENT = -2.46636368189793,

	WEIGHT_FORK_HAMMINGDISTANCE_S = -3.47996372029467,
	WEIGHT_FORK_HAMMINGDISTANCE_L = 3.14191428431269,

	WEIGHT_WALL_DISTANCE = -2.59750565647106,
	WEIGHT_NEIGHBORS = -2.89868080190524,
	WEIGHT_NEIGHBOR_FREE = -0.719436755987786,
	WEIGHT_NEIGHBOR_OWNED = -3.90958577422417,
	WEIGHT_NEIGHBOR_TAKEN = -2.76975716868361
};
