File info:
Boardsize: 7 x 6
Particles: 30
Iterations: 23
Games Played Per Iteration: 900
Games Played: 20700
Games Played Per Minute: 128,727792608681
MAX_SCORE: 2475
Cores: 16
Start Time: 19.09.2023 16:55:59
End Time: 19.09.2023 19:36:47
Total Time: 02:40:48.2661190
Boardsize: 7 x 6
Engine Depth: 6

Win Values:
VALUE_WIN_YELLOW: 2,5
VALUE_DRAW_YELLOW: 0,5
VALUE_LOSS_YELLOW: -3
VALUE_WIN_RED: 3
VALUE_DRAW_RED: 0,6
VALUE_LOSS_RED: -1,8


Best Global Particle:

Best Global Particle Score Internally: 427,7
{
	NAME = "Particle-GLOBAL-BEST",

	WEIGHT_SCORE_OWN = 0.392924752596357,
	WEIGHT_SCORE_OPPONENT = -1.3263323886283,
	WEIGHT_HAMMINGDISTANCE_OWN = -6.21668875580483,
	WEIGHT_HAMMINGDISTANCE_OPPONENT = -1.29851584013551,

	WEIGHT_FORK_HAMMINGDISTANCE_S = 0.876962607895377,
	WEIGHT_FORK_HAMMINGDISTANCE_L = -0.981254404428977,

	WEIGHT_WALL_DISTANCE = 3.76816890316387,
	WEIGHT_NEIGHBORS = 3.08298202301782,
	WEIGHT_NEIGHBOR_FREE = -5.64583825673248,
	WEIGHT_NEIGHBOR_OWNED = -2.87801831359477,
	WEIGHT_NEIGHBOR_TAKEN = 1.05498853432472
};
